event id	time of event (UTC)	dead time	decay time (ns)	1st chA height	1st chA position	1st chA integral	1st chB height	1st chB position	1st chB integral	1st chC height	1st chC position	1st chC integral	1st chD height	1st chD position	1st chD integral	2nd chA height	2nd chA position	2nd chA integral	2nd chB height	2nd chB position	2nd chB integral	2nd chC height	2nd chC position	2nd chC integral	2nd chD height	2nd chD position	2nd chD integral
84	1748853554.0516133	0.017823639774859235	3267	232.02203	506	7787.156	165.55426	506	4990.2485	389.0871	508	12547.982	376.7686	505	11307.519	0.0	0	0.0	0.0	0	0.0	0.0	0	0.0	317.12906	1323	9741.432
832	1748853561.0775943	0.020581113801452777	7982	208.03088	506	6474.9004	217.31976	504	7137.534	262.31854	507	8233.529	329.0631	505	10408.161	0.0	0	0.0	0.0	0	0.0	0.0	0	0.0	456.27768	2501	14960.768
1688	1748853569.1004925	0.016098484848484862	5866	264.02557	507	8162.97	201.38718	504	6519.3755	0.0	0	0.0	0.0	0	0.0	0.0	0	0.0	0.0	0	0.0	266.28632	1972	8634.102	0.0	0	0.0
1781	1748853570.1035688	0.01663585951940849	1942	184.02435	506	6059.084	141.67078	505	4863.7705	0.0	0	0.0	0.0	0	0.0	0.0	0	0.0	50.089203	991	1428.6882	0.0	0	0.0	0.0	0	0.0
2478	1748853576.1276894	0.020987654320987703	13228	348.02533	508	11291.168	161.5711	506	4854.803	0.0	0	0.0	0.0	0	0.0	0.0	0	0.0	54.072357	3814	1483.7144	0.0	0	0.0	0.0	0	0.0
3313	1748853584.0272279	0.016838166510757757	7286	272.02264	507	8566.993	157.58798	505	5210.0723	194.97415	507	6173.7354	130.27496	507	4057.8542	0.0	0	0.0	0.0	0	0.0	0.0	0	0.0	66.667694	2328	1663.8931
3361	1748853584.540348	0.016838166510757757	1991	244.0176	507	7914.999	165.55426	504	5002.394	488.12747	507	15680.965	992.9564	507	31185.03	0.0	0	0.0	0.0	0	0.0	0.0	0	0.0	563.6073	1004	16558.58
3673	1748853587.3703659	0.018438177874186557	2418	336.0144	509	10291.046	281.01932	508	8783.482	0.0	0	0.0	0.0	0	0.0	0.0	0	0.0	169.53741	1113	5091.4097	0.0	0	0.0	0.0	0	0.0
3849	1748853588.9138196	0.01846452866861026	2384	300.02768	508	9827.144	217.31976	506	7020.514	333.63068	508	10607.883	897.54553	506	28920.23	0.0	0	0.0	0.0	0	0.0	0.0	0	0.0	130.27496	1103	3997.0002
4269	1748853592.7664852	0.017801047120418856	398	332.01587	508	10731.127	296.9519	507	9222.086	0.0	0	0.0	0.0	0	0.0	0.0	0	0.0	0.0	0	0.0	626.7532	607	20189.248	0.0	0	0.0
4287	1748853592.9383852	0.017801047120418856	1460	264.02557	508	8191.28	750.83044	506	22586.178	0.0	0	0.0	0.0	0	0.0	0.0	0	0.0	50.089203	872	1176.658	0.0	0	0.0	0.0	0	0.0
5115	1748853600.5123053	0.01834862385321101	11862	216.02792	507	6803.3613	292.96875	504	9298.751	0.0	0	0.0	0.0	0	0.0	0.0	0	0.0	0.0	0	0.0	52.365295	3471	1381.6444	0.0	0	0.0
5833	1748853607.0972369	0.019791666666666652	833	192.0214	507	5862.9717	113.78876	507	3569.5596	198.94193	507	6509.9346	166.06177	506	5113.8667	0.0	0	0.0	0.0	0	0.0	0.0	0	0.0	174.01266	715	5141.0425
5969	1748853608.483836	0.016682113067655213	3090	244.0176	508	7731.0215	157.58798	507	4912.2603	0.0	0	0.0	0.0	0	0.0	0.0	0	0.0	0.0	0	0.0	147.43787	1280	4208.505	0.0	0	0.0
6245	1748853611.216841	0.020042194092827037	9704	212.02942	507	6878.9663	348.70203	505	10560.283	0.0	0	0.0	0.0	0	0.0	0.0	0	0.0	0.0	0	0.0	52.365295	2932	1572.2355	0.0	0	0.0
7083	1748853618.8621495	0.02149178255372941	4924	567.9903	507	18026.99	372.6009	507	11997.094	0.0	0	0.0	0.0	0	0.0	0.0	0	0.0	0.0	0	0.0	56.33304	1738	1463.1064	0.0	0	0.0
7925	1748853627.3481174	0.019730010384215957	392	408.0186	508	13799.261	261.11896	507	8091.4736	0.0	0	0.0	0.0	0	0.0	0.0	0	0.0	0.0	0	0.0	147.43787	606	4365.631	309.17816	605	9653.051
9137	1748853638.992653	0.017894736842105297	3988	232.02203	507	7047.0273	269.0699	505	8192.666	0.0	0	0.0	0.0	0	0.0	0.0	0	0.0	205.37033	1503	7294.735	0.0	0	0.0	0.0	0	0.0
9289	1748853640.4766617	0.018090452261306567	596	192.0214	507	5754.8433	655.2811	505	21104.688	0.0	0	0.0	0.0	0	0.0	0.0	0	0.0	362.32776	655	11243.679	0.0	0	0.0	0.0	0	0.0
9415	1748853641.5805418	0.02185223725286156	3032	420.01416	508	13419.125	304.9028	508	9768.516	0.0	0	0.0	0.0	0	0.0	0.0	0	0.0	304.9028	1266	9930.291	0.0	0	0.0	0.0	0	0.0
9752	1748853644.710434	0.023890784982935176	1118	372.01648	508	12367.234	201.38718	507	6741.2617	0.0	0	0.0	0.0	0	0.0	0.0	0	0.0	492.0491	787	15076.139	0.0	0	0.0	0.0	0	0.0
11156	1748853658.1551116	0.018967334035827177	1713	268.0241	507	8739.087	233.23697	505	7487.479	305.90244	508	9760.518	309.17816	507	9528.006	0.0	0	0.0	0.0	0	0.0	246.47823	936	7915.3223	138.22589	934	4083.522
11737	1748853663.6579037	0.018292682926829285	776	372.01648	508	11839.121	288.9856	506	9000.384	0.0	0	0.0	0.0	0	0.0	0.0	0	0.0	153.60483	701	5111.281	0.0	0	0.0	0.0	0	0.0
11847	1748853664.7981749	0.015329125338142457	86	288.01672	508	9619.096	185.46997	505	5967.8115	0.0	0	0.0	0.0	0	0.0	0.0	0	0.0	0.0	0	0.0	297.9823	528	9444.392	0.0	0	0.0
12052	1748853666.8953958	0.019251336898395754	2228	384.01205	508	12203.476	926.02734	506	29214.332	0.0	0	0.0	0.0	0	0.0	0.0	0	0.0	1000.0	1064	33087.38	0.0	0	0.0	0.0	0	0.0
12390	1748853670.0234776	0.01990632318501173	5790	392.0091	508	12335.108	241.20325	507	7487.928	0.0	0	0.0	0.0	0	0.0	0.0	0	0.0	85.92212	1955	2556.7036	0.0	0	0.0	0.0	0	0.0
13364	1748853679.8229568	0.015490533562822706	2846	216.02792	507	6855.0054	173.52054	506	5541.8594	357.3911	507	11821.622	511.91867	504	15778.619	0.0	0	0.0	0.0	0	0.0	226.67017	1218	6991.157	197.86542	1217	6387.212
13510	1748853681.1420822	0.02050113895216399	518	440.00677	508	14247.448	336.76794	507	10866.985	0.0	0	0.0	0.0	0	0.0	0.0	0	0.0	67.68268	637	1914.4014	0.0	0	0.0	0.0	0	0.0
14176	1748853687.7732937	0.016697588126159513	12120	360.02094	508	11943.5	169.53741	506	5681.9634	0.0	0	0.0	0.0	0	0.0	180.02585	3538	5775.0034	181.48685	3536	5927.813	0.0	0	0.0	0.0	0	0.0
14529	1748853691.1737666	0.019289340101522834	1672	396.00763	508	12223.057	993.71	506	31668.512	0.0	0	0.0	0.0	0	0.0	0.0	0	0.0	81.938965	925	2704.2651	0.0	0	0.0	0.0	0	0.0
15749	1748853703.4364777	0.0192962542565267	914	384.01205	508	12595.148	416.4001	505	13545.286	0.0	0	0.0	0.0	0	0.0	0.0	0	0.0	205.37033	735	6727.3145	0.0	0	0.0	0.0	0	0.0
16464	1748853709.7301426	0.02452316076294281	2074	376.015	507	11499.277	336.76794	506	10748.319	0.0	0	0.0	0.0	0	0.0	0.0	0	0.0	193.4209	1025	5712.658	0.0	0	0.0	0.0	0	0.0
16905	1748853713.551684	0.014860139860139898	404	184.02435	507	5530.802	113.78876	505	4217.504	0.0	0	0.0	0.0	0	0.0	0.0	0	0.0	67.68271	607	2528.822	0.0	0	0.0	0.0	0	0.0
17237	1748853716.991022	0.023076923076923106	2788	220.02646	508	6706.9985	189.43774	505	5746.002	0.0	0	0.0	0.0	0	0.0	0.0	0	0.0	0.0	0	0.0	254.39838	1204	8651.28	130.27496	1203	3909.8315
18118	1748853725.8037329	0.019668737060041352	4226	515.9941	507	17003.016	802.59595	506	24441.775	0.0	0	0.0	0.0	0	0.0	0.0	0	0.0	157.58798	1563	4653.4316	0.0	0	0.0	0.0	0	0.0
18261	1748853727.020345	0.02894356005788712	2928	252.03001	507	8155.2173	161.5711	505	4985.125	262.31854	507	8332.263	281.35767	505	8182.6714	0.0	0	0.0	0.0	0	0.0	0.0	0	0.0	62.69992	1238	1573.3567
19066	1748853734.5423322	0.018645731108930308	934	204.03235	507	7182.947	233.23697	505	7484.204	365.32666	507	11856.039	249.55402	505	8295.926	0.0	0	0.0	0.0	0	0.0	190.1452	739	5935.2256	122.324066	740	3716.8877
19683	1748853740.5633225	0.01685891748003554	2858	220.02646	507	7179.071	209.35345	506	6826.202	0.0	0	0.0	0.0	0	0.0	0.0	0	0.0	0.0	0	0.0	76.14111	1221	2172.9966	0.0	0	0.0
20267	1748853746.2997801	0.020470829068577223	1198	276.02118	507	8691.304	356.6683	504	10993.205	0.0	0	0.0	0.0	0	0.0	248.0315	805	7598.8853	229.25381	805	7048.889	0.0	0	0.0	0.0	0	0.0
20971	1748853752.6699853	0.025132275132275117	2266	256.02856	508	8851.615	277.0362	505	9021.654	0.0	0	0.0	0.0	0	0.0	0.0	0	0.0	0.0	0	0.0	80.093506	1073	2062.546	0.0	0	0.0
21053	1748853753.3589	0.020293122886133053	772	168.03027	505	5022.8794	312.86908	503	9558.502	0.0	0	0.0	0.0	0	0.0	0.0	0	0.0	0.0	0	0.0	60.28543	697	1901.7593	0.0	0	0.0
21866	1748853760.642685	0.01927194860813708	348	436.00824	507	14055.259	288.9856	505	9157.571	0.0	0	0.0	0.0	0	0.0	0.0	0	0.0	0.0	0	0.0	143.48547	593	4304.4844	0.0	0	0.0
21971	1748853761.4623702	0.024182076813655806	7784	208.03088	506	6595.223	177.5037	504	5438.083	0.0	0	0.0	0.0	0	0.0	0.0	0	0.0	145.6539	2451	4449.478	0.0	0	0.0	0.0	0	0.0
22149	1748853763.2076437	0.01965317919075149	11218	200.03384	507	6478.929	476.11652	504	14846.229	0.0	0	0.0	0.0	0	0.0	0.0	0	0.0	50.089203	3310	1264.5181	0.0	0	0.0	0.0	0	0.0
23393	1748853774.7026267	0.01819923371647514	1312	132.02817	504	4010.5972	165.55426	502	5029.327	222.7024	503	7395.9624	277.3745	503	9349.993	0.0	0	0.0	0.0	0	0.0	0.0	0	0.0	265.4558	831	7949.9106
23611	1748853776.9010272	0.022012578616352196	1913	156.0347	505	4803.0054	189.43774	504	5800.0884	254.39838	506	8308.842	205.81631	504	6537.6787	0.0	0	0.0	0.0	0	0.0	0.0	0	0.0	217.73499	983	6897.3306
23824	1748853779.0261161	0.01871921182266012	1492	292.01526	507	9715.048	185.46997	507	6013.0713	452.4637	508	14916.398	388.68726	506	12467.734	0.0	0	0.0	0.0	0	0.0	0.0	0	0.0	114.37317	880	3555.701
24075	1748853781.4845114	0.016775396085740968	3383	368.01794	508	12127.196	285.00244	506	9092.026	1000.0	508	33545.562	118.35629	507	3820.2495	0.0	0	0.0	0.0	0	0.0	0.0	0	0.0	317.12906	1353	9537.525
24744	1748853787.6325388	0.01725703905540421	1108	252.03001	506	7599.0547	273.05304	505	8804.013	0.0	0	0.0	0.0	0	0.0	0.0	0	0.0	0.0	0	0.0	159.32578	784	4835.7363	74.61859	781	1958.3687
24960	1748853789.8241408	0.01740812379110257	12174	168.03027	507	5298.8716	133.70447	503	3938.178	238.55807	505	7219.4893	150.15994	503	4360.299	0.0	0	0.0	0.0	0	0.0	0.0	0	0.0	130.27496	3548	3553.6082
25927	1748853799.071422	0.020022246941045596	1180	248.0315	508	8410.943	117.77191	506	3433.5173	480.2073	508	15075.23	265.4558	506	8029.743	0.0	0	0.0	0.0	0	0.0	0.0	0	0.0	277.3745	802	8459.1045
25983	1748853799.574862	0.020022246941045596	122	284.0182	506	9247.206	296.9519	505	14664.82	0.0	0	0.0	0.0	0	0.0	0.0	0	0.0	135.38077	536	8398.911	0.0	0	0.0	0.0	0	0.0
25994	1748853799.673752	0.020022246941045596	13843	264.02557	507	8510.876	173.52054	505	5275.741	341.5508	508	11009.673	185.93134	505	5792.6455	0.0	0	0.0	0.0	0	0.0	0.0	0	0.0	158.11084	3967	4499.1255
26361	1748853802.9614372	0.017946161515453585	4556	460.01477	508	14387.076	627.3991	506	20227.486	0.0	0	0.0	0.0	0	0.0	428.0112	1647	13527.191	129.72134	1645	3736.9753	0.0	0	0.0	0.0	0	0.0
27316	1748853812.0661273	0.02076124567474047	2686	296.02917	507	8922.927	360.65146	506	11145.149	0.0	0	0.0	0.0	0	0.0	184.02435	1179	5702.831	217.31976	1177	6732.2817	0.0	0	0.0	0.0	0	0.0
28266	1748853820.6612146	0.018458197611292082	14279	204.03235	507	6698.971	149.62167	504	4515.378	238.55807	506	7348.026	177.98044	505	5712.2607	292.01526	4076	9487.16	169.53741	4074	5206.9097	103.869354	4075	3338.7944	74.61859	4076	2435.5754
29895	1748853835.9007642	0.018442622950819665	1880	220.02646	507	6902.851	233.23697	505	7060.8525	0.0	0	0.0	0.0	0	0.0	0.0	0	0.0	229.25381	976	7060.8677	0.0	0	0.0	0.0	0	0.0
30597	1748853842.7604983	0.019743336623889385	2220	348.02533	507	11387.211	651.298	507	21264.828	0.0	0	0.0	0.0	0	0.0	176.02731	1064	5638.7935	209.35345	1060	7090.3955	0.0	0	0.0	0.0	0	0.0
31598	1748853851.968027	0.017733990147783207	224	288.01672	507	9075.129	356.6683	505	11047.906	0.0	0	0.0	0.0	0	0.0	0.0	0	0.0	0.0	0	0.0	242.51047	562	8366.063	0.0	0	0.0
32607	1748853861.6867507	0.021556886227544925	4603	172.02878	506	5419.058	117.77191	504	3313.439	321.74274	506	9985.39	778.28186	505	24112.395	0.0	0	0.0	0.0	0	0.0	183.10162	1657	6310.579	229.66904	1655	7240.4346
32641	1748853861.9706507	0.021556886227544925	1127	452.0177	509	15467.306	221.30292	507	6903.9097	452.4637	509	14265.793	722.6255	508	23195.176	0.0	0	0.0	0.0	0	0.0	0.0	0	0.0	209.78409	790	6147.438
32979	1748853864.9750757	0.023989898989899006	9937	152.03616	505	4442.71	285.00244	504	8545.49	286.09436	506	9027.191	233.63681	504	7376.5703	0.0	0	0.0	0.0	0	0.0	0.0	0	0.0	90.52042	2989	2793.9807
35769	1748853891.0278454	0.01967213114754096	5162	128.02966	505	3738.8364	149.62167	502	5042.5967	0.0	0	0.0	0.0	0	0.0	0.0	0	0.0	0.0	0	0.0	389.0871	1794	12668.2	0.0	0	0.0
36366	1748853896.5752006	0.019447287615148467	7242	148.03766	505	4226.5923	181.48685	504	5619.5547	0.0	0	0.0	0.0	0	0.0	0.0	0	0.0	249.16954	2315	7508.5024	0.0	0	0.0	0.0	0	0.0
36821	1748853900.6060278	0.020044543429844075	1086	348.02533	507	11087.152	659.2489	506	21053.182	0.0	0	0.0	0.0	0	0.0	192.0214	779	6483.158	161.5711	777	5100.608	0.0	0	0.0	0.0	0	0.0
36822	1748853900.6150079	0.020044543429844075	1506	344.01144	507	10418.969	468.1502	506	14791.352	0.0	0	0.0	0.0	0	0.0	124.03113	884	3614.558	173.52054	882	5493.138	0.0	0	0.0	0.0	0	0.0
37092	1748853903.1480317	0.021765417170495738	876	332.01587	508	10847.38	364.63458	506	11339.875	0.0	0	0.0	0.0	0	0.0	0.0	0	0.0	0.0	0	0.0	278.1742	726	8944.005	0.0	0	0.0
37153	1748853903.7122319	0.019148936170212738	422	408.0186	509	13679.226	878.245	506	31510.143	0.0	0	0.0	0.0	0	0.0	343.9807	614	11058.979	139.34854	612	4489.51	0.0	0	0.0	0.0	0	0.0
37693	1748853908.6314795	0.021087680355160954	838	312.02325	507	10107.223	300.93506	506	9798.137	0.0	0	0.0	0.0	0	0.0	0.0	0	0.0	58.05548	716	1654.3433	0.0	0	0.0	0.0	0	0.0
38053	1748853911.837494	0.02168674698795181	2934	272.02264	508	8635.125	320.8354	507	11114.836	0.0	0	0.0	0.0	0	0.0	0.0	0	0.0	0.0	0	0.0	64.253204	1241	1763.1492	0.0	0	0.0
38289	1748853913.9706607	0.01783944499504464	2156	444.00528	508	14415.172	269.0699	506	8681.363	0.0	0	0.0	0.0	0	0.0	0.0	0	0.0	352.68518	1046	11140.349	0.0	0	0.0	0.0	0	0.0
39331	1748853923.8471594	0.019743336623889385	12436	164.03174	508	5426.902	396.48438	504	12268.994	0.0	0	0.0	0.0	0	0.0	0.0	0	0.0	0.0	0	0.0	80.093506	3615	2160.2627	0.0	0	0.0
39622	1748853926.6082084	0.026631158455392767	438	264.02557	507	8050.888	722.9638	506	28209.059	0.0	0	0.0	0.0	0	0.0	0.0	0	0.0	147.31485	616	5210.7197	0.0	0	0.0	0.0	0	0.0
40099	1748853930.9764297	0.01962809917355368	3980	232.02203	508	7391.055	161.5711	504	4741.6147	0.0	0	0.0	0.0	0	0.0	0.0	0	0.0	0.0	0	0.0	151.40564	1501	4894.315	0.0	0	0.0
40562	1748853935.6539843	0.014795474325500435	2933	196.03531	507	6623.076	193.4209	504	6302.935	242.51047	507	7598.517	511.91867	505	15714.522	0.0	0	0.0	0.0	0	0.0	0.0	0	0.0	94.50357	1239	2452.5696
40593	1748853936.0101743	0.014795474325500435	3615	276.02118	507	8411.388	221.30292	505	7131.8594	345.5186	507	10870.522	424.47403	506	13865.959	0.0	0	0.0	0.0	0	0.0	143.48547	1411	4384.132	134.25812	1409	3977.3916
41080	1748853940.1645226	0.020809248554913284	13017	156.0347	506	4534.7676	149.62167	503	4457.045	250.44598	505	7848.0566	114.37317	505	3361.5408	224.02496	3760	7390.9927	237.2201	3759	7680.3013	381.16696	3759	12499.046	150.15994	3758	4432.18
41292	1748853942.1801658	0.01941747572815533	236	440.00677	508	20136.412	846.39514	506	34310.69	0.0	0	0.0	0.0	0	0.0	147.99152	566	6990.833	218.99606	566	10617.326	0.0	0	0.0	0.0	0	0.0
41416	1748853943.6083775	0.01628959276018105	234	204.03235	507	6302.8867	193.4209	506	5798.7183	0.0	0	0.0	0.0	0	0.0	0.0	0	0.0	0.0	0	0.0	357.3911	565	10950.663	0.0	0	0.0
41571	1748853945.2896595	0.017924528301886844	334	316.0218	507	9963.202	651.298	508	20580.756	0.0	0	0.0	0.0	0	0.0	0.0	0	0.0	0.0	0	0.0	753.5218	592	24581.402	535.7714	590	17192.594
42638	1748853955.5244498	0.019543973941368087	228	283.9721	507	9805.654	269.0699	506	14231.716	0.0	0	0.0	0.0	0	0.0	460.01477	564	24600.75	155.28113	563	6570.88	0.0	0	0.0	0.0	0	0.0
43033	1748853959.2664082	0.019565217391304346	12024	176.02731	506	5790.9375	117.77191	503	3758.3677	0.0	0	0.0	0.0	0	0.0	344.01144	3511	10854.852	217.31976	3510	6828.8604	0.0	0	0.0	0.0	0	0.0
43262	1748853961.3449283	0.01967213114754096	8043	180.02585	507	5891.2065	197.40402	504	6285.449	202.9097	506	6207.138	233.63681	504	7349.5493	0.0	0	0.0	0.0	0	0.0	0.0	0	0.0	74.61859	2516	1947.3574
43800	1748853966.4974113	0.01931330472102999	652	296.02917	507	9618.99	452.23303	505	14059.977	0.0	0	0.0	0.0	0	0.0	0.0	0	0.0	95.5647	669	3487.1274	0.0	0	0.0	0.0	0	0.0
43841	1748853966.998109	0.013866231647634564	5157	132.02817	505	3974.5337	145.6539	503	4541.337	206.86209	506	6532.5103	102.45447	505	2818.0496	0.0	0	0.0	0.0	0	0.0	0.0	0	0.0	174.01266	1794	5112.961
45564	1748853982.7813923	0.018633540372670843	4814	284.0182	507	8786.945	157.58798	506	4940.3867	0.0	0	0.0	0.0	0	0.0	0.0	0	0.0	54.072357	1710	2175.9355	0.0	0	0.0	0.0	0	0.0
46528	1748853991.3756695	0.01754385964912286	1972	220.02646	507	6770.96	237.2201	505	7459.259	0.0	0	0.0	0.0	0	0.0	0.0	0	0.0	89.90527	999	3129.124	0.0	0	0.0	0.0	0	0.0
47148	1748853997.1919537	0.01734693877551019	7388	272.02264	508	8854.996	288.9856	506	9370.206	0.0	0	0.0	0.0	0	0.0	0.0	0	0.0	0.0	0	0.0	297.9823	2354	9771.928	0.0	0	0.0
48822	1748854012.9667146	0.020270270270270285	12798	128.02966	503	3654.5747	145.6539	502	4427.349	0.0	0	0.0	0.0	0	0.0	0.0	0	0.0	50.089203	3702	1315.6218	0.0	0	0.0	0.0	0	0.0
49145	1748854015.8588192	0.01964839710444677	976	320.0203	507	10215.367	890.1944	505	27811.719	0.0	0	0.0	0.0	0	0.0	0.0	0	0.0	66.02179	750	2083.0942	0.0	0	0.0	0.0	0	0.0
49716	1748854021.0821538	0.02197802197802201	2124	304.02618	508	9747.121	201.38718	508	6291.7383	0.0	0	0.0	0.0	0	0.0	0.0	0	0.0	0.0	0	0.0	72.17334	1039	2112.727	0.0	0	0.0
50992	1748854032.5142317	0.022673031026252954	2442	328.01733	509	10331.08	384.53494	508	11835.646	0.0	0	0.0	0.0	0	0.0	0.0	0	0.0	169.53741	1119	5493.5244	0.0	0	0.0	0.0	0	0.0
51617	1748854038.331532	0.02130177514792897	3764	336.0144	507	10783.31	237.2201	507	7467.5483	0.0	0	0.0	0.0	0	0.0	0.0	0	0.0	0.0	0	0.0	80.093506	1448	2538.6597	0.0	0	0.0
53730	1748854057.8382525	0.02251184834123221	1326	312.02325	507	9435.027	173.52054	506	5161.8003	167.24594	507	4947.5415	185.93134	506	5434.9165	0.0	0	0.0	0.0	0	0.0	0.0	0	0.0	94.50357	838	2761.1477
53808	1748854058.505704	0.019587628865979423	1840	132.02817	504	4126.6616	340.7511	502	10408.344	0.0	0	0.0	0.0	0	0.0	0.0	0	0.0	50.089203	963	1213.7678	0.0	0	0.0	0.0	0	0.0
54369	1748854063.7845266	0.018943170488534444	1866	276.02118	507	9631.541	261.11896	507	8368.753	0.0	0	0.0	0.0	0	0.0	0.0	0	0.0	0.0	0	0.0	262.31854	974	7975.686	78.601746	973	2277.08
54549	1748854065.4158404	0.02071973827699014	3458	591.98145	509	19263.047	623.41595	508	19477.645	0.0	0	0.0	0.0	0	0.0	0.0	0	0.0	129.72134	1373	4044.8618	0.0	0	0.0	0.0	0	0.0
54881	1748854068.7313914	0.015625	552	256.02856	506	8027.0957	340.7511	505	10719.381	0.0	0	0.0	0.0	0	0.0	168.03027	645	5234.8643	230.93011	642	7136.457	0.0	0	0.0	0.0	0	0.0
55921	1748854079.0678465	0.017142857142857126	246	308.02472	508	9706.895	241.20325	506	7826.602	0.0	0	0.0	0.0	0	0.0	0.0	0	0.0	0.0	0	0.0	80.093506	571	2649.5098	62.69992	566	1658.9713
56472	1748854084.4243183	0.02021276595744681	2586	260.02707	507	8927.264	559.71643	506	18037.672	0.0	0	0.0	0.0	0	0.0	0.0	0	0.0	85.92212	1153	2849.473	0.0	0	0.0	0.0	0	0.0
56521	1748854084.8802905	0.022950819672131195	6290	404.02005	507	13295.8	428.33417	506	13900.883	0.0	0	0.0	0.0	0	0.0	0.0	0	0.0	73.97269	2079	2180.3652	0.0	0	0.0	0.0	0	0.0
56994	1748854089.3309407	0.01870078740157477	5840	252.03001	507	7550.9033	153.60483	506	4305.763	0.0	0	0.0	0.0	0	0.0	232.02203	1968	7415.275	113.78876	1965	3567.9146	0.0	0	0.0	0.0	0	0.0
57151	1748854090.7489417	0.021943573667711602	744	200.03384	507	5926.8555	141.67078	507	4683.6064	0.0	0	0.0	0.0	0	0.0	0.0	0	0.0	54.072357	693	1435.7468	0.0	0	0.0	0.0	0	0.0
57771	1748854096.5181603	0.022067363530778206	224	168.03027	505	4818.831	237.2201	503	12921.012	0.0	0	0.0	0.0	0	0.0	0.0	0	0.0	147.3302	560	6357.392	0.0	0	0.0	0.0	0	0.0
58370	1748854102.2683334	0.019157088122605415	12092	184.02435	507	5730.7905	217.31976	506	7159.769	301.9347	506	9902.649	277.3745	505	9071.696	0.0	0	0.0	0.0	0	0.0	0.0	0	0.0	90.52042	3529	2416.1982
58532	1748854103.7780368	0.02021276595744681	3233	292.01526	508	8810.953	149.62167	506	4320.788	404.92743	507	12574.863	388.68726	506	12465.073	0.0	0	0.0	0.0	0	0.0	0.0	0	0.0	74.61859	1315	2194.5266
58568	1748854104.116437	0.02021276595744681	2028	468.0118	508	15479.364	292.96875	506	9009.153	0.0	0	0.0	0.0	0	0.0	0.0	0	0.0	300.93506	1014	9061.561	0.0	0	0.0	0.0	0	0.0
58981	1748854107.699792	0.022919179734619988	6544	200.03384	508	6419.0596	253.15268	507	7926.1494	488.12747	507	15642.226	170.02954	506	5281.7134	0.0	0	0.0	0.0	0	0.0	0.0	0	0.0	58.716766	2143	1451.9557
59078	1748854108.5477948	0.02033898305084747	11060	264.02557	507	7726.93	261.11896	506	8213.26	0.0	0	0.0	0.0	0	0.0	0.0	0	0.0	0.0	0	0.0	444.54355	3272	14738.988	213.76721	3271	6587.26
60524	1748854121.4931128	0.02060737527114964	1888	292.01526	508	8843.111	281.01932	506	8802.043	0.0	0	0.0	0.0	0	0.0	0.0	0	0.0	0.0	0	0.0	353.43872	979	11654.248	0.0	0	0.0
61746	1748854132.9457269	0.01964839710444677	2952	312.02325	506	10227.121	217.31976	506	6624.397	0.0	0	0.0	0.0	0	0.0	0.0	0	0.0	261.11896	1244	8439.375	0.0	0	0.0	0.0	0	0.0
62960	1748854144.3537526	0.02100350058343059	174	707.98474	508	23082.6	527.86664	507	16748.04	0.0	0	0.0	0.0	0	0.0	0.0	0	0.0	0.0	0	0.0	313.82257	551	9821.266	0.0	0	0.0
64228	1748854156.4199	0.021396396396396344	4756	244.0176	507	7727.054	221.30292	505	6608.6353	0.0	0	0.0	0.0	0	0.0	0.0	0	0.0	679.1646	1695	20820.04	0.0	0	0.0	0.0	0	0.0
64285	1748854156.92606	0.021396396396396344	13733	160.03323	506	4922.9316	157.58798	503	4979.914	579.2169	506	18467.297	496.03223	504	16244.587	0.0	0	0.0	0.0	0	0.0	0.0	0	0.0	209.78409	3938	6306.763
65112	1748854164.5328465	0.020958083832335328	1832	312.02325	506	9903.208	424.351	504	13199.003	0.0	0	0.0	0.0	0	0.0	0.0	0	0.0	428.33417	963	13463.556	0.0	0	0.0	0.0	0	0.0
65151	1748854164.9236264	0.020958083832335328	3702	496.00146	508	16623.549	233.23697	506	7198.816	218.75	508	6936.069	146.17679	508	4382.276	0.0	0	0.0	0.0	0	0.0	0.0	0	0.0	130.27496	1433	3890.8694
65233	1748854165.7488215	0.01978239366963408	820	360.02094	508	11563.378	551.7501	506	16859.545	0.0	0	0.0	0.0	0	0.0	0.0	0	0.0	292.96875	712	9198.758	0.0	0	0.0	0.0	0	0.0
65236	1748854165.7791514	0.01978239366963408	6031	276.02118	507	8618.853	687.1309	506	21988.166	226.67017	507	6835.754	249.55402	505	7609.2524	0.0	0	0.0	0.0	0	0.0	0.0	0	0.0	58.716766	2014	1616.4797
65312	1748854166.5441854	0.020470829068577223	2262	320.0203	507	10855.269	253.15268	506	7950.6494	0.0	0	0.0	0.0	0	0.0	0.0	0	0.0	173.52054	1072	4914.9067	0.0	0	0.0	0.0	0	0.0
65491	1748854168.1938145	0.020785219399538146	11858	344.01144	507	11427.089	257.13583	506	7745.7397	0.0	0	0.0	0.0	0	0.0	0.0	0	0.0	0.0	0	0.0	60.28543	3471	1721.8108	0.0	0	0.0
65517	1748854168.4237459	0.020224719101123556	8600	1000.0	510	35870.46	348.70203	508	11607.653	0.0	0	0.0	0.0	0	0.0	0.0	0	0.0	109.8056	2659	3540.663	0.0	0	0.0	0.0	0	0.0
66038	1748854173.254443	0.01602262016965128	354	408.0186	508	13355.131	531.8498	507	26255.332	0.0	0	0.0	0.0	0	0.0	0.0	0	0.0	298.6128	596	9880.033	0.0	0	0.0	0.0	0	0.0
66889	1748854181.1271148	0.019587628865979423	1812	212.02942	506	6650.8354	205.37033	506	6676.1807	0.0	0	0.0	0.0	0	0.0	0.0	0	0.0	0.0	0	0.0	777.2976	959	24641.254	0.0	0	0.0
67402	1748854185.8230867	0.021158129175946505	9119	184.02435	506	6183.039	129.72134	505	3558.641	171.21371	506	5213.829	142.20905	504	4210.738	0.0	0	0.0	0.0	0	0.0	0.0	0	0.0	62.69992	2785	1643.4236
68273	1748854194.5794709	0.021406727828746197	2348	160.03323	506	4970.7153	189.43774	504	6150.4062	0.0	0	0.0	0.0	0	0.0	0.0	0	0.0	0.0	0	0.0	238.55807	1092	7568.16	0.0	0	0.0
70361	1748854213.7976694	0.025959367945823875	12042	228.0235	507	7678.995	177.5037	506	5552.657	0.0	0	0.0	0.0	0	0.0	0.0	0	0.0	0.0	0	0.0	523.76044	3517	17391.252	0.0	0	0.0
71018	1748854219.736412	0.017045454545454586	4863	164.03174	505	5242.8467	185.46997	505	5843.965	175.1661	507	5912.234	146.17679	504	4479.5464	0.0	0	0.0	0.0	0	0.0	0.0	0	0.0	74.61859	1721	1850.747
71779	1748854226.6300638	0.016037735849056656	1100	436.00824	508	14403.222	288.9856	506	8903.914	0.0	0	0.0	0.0	0	0.0	0.0	0	0.0	0.0	0	0.0	64.253204	782	1490.8346	0.0	0	0.0
72915	1748854237.072376	0.01593959731543626	3194	260.02707	508	8211.015	165.55426	507	5394.3755	0.0	0	0.0	0.0	0	0.0	0.0	0	0.0	225.28604	1306	7590.5483	0.0	0	0.0	0.0	0	0.0
73496	1748854242.6956398	0.020361990950226283	1218	308.02472	507	9931.287	647.3148	506	21073.883	0.0	0	0.0	0.0	0	0.0	336.0144	812	10735.083	137.68762	810	4356.2656	0.0	0	0.0	0.0	0	0.0
74459	1748854251.5794368	0.018595041322314043	1365	220.02646	507	6950.955	213.33661	505	6686.978	400.97504	506	12546.29	500.0	505	16073.065	0.0	0	0.0	0.0	0	0.0	0.0	0	0.0	126.30722	847	4181.732
74562	1748854252.5516806	0.02051835853131745	2070	328.01733	507	10150.868	611.48193	506	19517.152	0.0	0	0.0	0.0	0	0.0	0.0	0	0.0	89.90527	1024	3184.2117	0.0	0	0.0	0.0	0	0.0
74865	1748854255.3883219	0.022497187851518552	2355	232.02203	507	7375.091	121.755035	505	4052.9504	432.67102	507	13539.245	507.9509	506	16389.52	0.0	0	0.0	0.0	0	0.0	0.0	0	0.0	241.5877	1095	7395.487
75213	1748854258.7419844	0.02405498281786944	1405	248.0315	509	8287.201	237.2201	506	7282.7246	329.6629	508	10498.153	611.31274	508	19916.006	0.0	0	0.0	0.0	0	0.0	0.0	0	0.0	114.37317	859	3491.2014
75496	1748854261.316562	0.02296211251435132	1786	240.01907	506	7490.8335	292.96875	505	9582.709	0.0	0	0.0	0.0	0	0.0	0.0	0	0.0	253.15268	952	8248.032	0.0	0	0.0	0.0	0	0.0
75536	1748854261.676128	0.019977802441731418	9716	148.03766	506	4650.7705	245.18639	504	8038.8613	0.0	0	0.0	0.0	0	0.0	0.0	0	0.0	0.0	0	0.0	408.89517	2935	13035.201	496.03223	2933	15751.598
75944	1748854265.6092741	0.019095477386934623	810	276.02118	507	8386.923	269.0699	503	8685.964	385.1347	507	12810.27	539.7546	505	17914.58	0.0	0	0.0	0.0	0	0.0	0.0	0	0.0	511.91867	708	16463.152
76141	1748854267.4995184	0.018404907975460127	1902	196.03531	505	5914.7236	241.20325	504	7832.89	0.0	0	0.0	0.0	0	0.0	0.0	0	0.0	0.0	0	0.0	353.43872	981	10792.612	213.76721	979	6409.2017
76901	1748854274.2384355	0.01884816753926699	3415	240.01907	506	6914.9077	209.35345	504	6651.989	183.10162	505	6046.107	181.9636	504	5265.5195	0.0	0	0.0	0.0	0	0.0	187.05402	1360	5745.5107	126.30722	1357	3714.119
77679	1748854281.9083414	0.019027484143763207	5922	132.02817	503	3890.58	181.48685	502	5421.2134	0.0	0	0.0	0.0	0	0.0	0.0	0	0.0	58.05548	1983	1739.2197	0.0	0	0.0	0.0	0	0.0
78763	1748854291.6851032	0.016744186046511622	372	216.02792	506	6910.9854	191.11404	504	5898.7456	0.0	0	0.0	0.0	0	0.0	0.0	0	0.0	304.9028	598	15486.359	0.0	0	0.0	0.0	0	0.0
79735	1748854300.5803342	0.021151586368977626	4498	344.01144	508	11015.239	288.9856	505	8966.613	0.0	0	0.0	0.0	0	0.0	0.0	0	0.0	0.0	0	0.0	226.67017	1631	6657.543	0.0	0	0.0
79801	1748854301.1421273	0.017307692307692357	6501	240.01907	506	7450.8027	316.85223	506	9942.741	198.94193	508	6124.4775	122.324066	505	3564.851	156.0347	2132	4966.854	113.78876	2131	3467.0745	218.75	2132	6494.586	325.07996	2131	10352.794
80478	1748854307.9665003	0.016071428571428625	5178	316.0218	506	9483.007	213.33661	505	6709.8457	0.0	0	0.0	0.0	0	0.0	0.0	0	0.0	0.0	0	0.0	111.78949	1800	3481.0347	0.0	0	0.0
80741	1748854310.8967452	0.019328585961342792	11126	268.0241	508	9307.262	288.9856	505	9240.693	0.0	0	0.0	0.0	0	0.0	0.0	0	0.0	0.0	0	0.0	119.709656	3288	3498.582	0.0	0	0.0
80846	1748854311.9632523	0.016997167138810165	527	172.02878	506	5470.931	157.58798	506	5206.846	400.97504	507	12956.243	356.8836	504	11282.45	0.0	0	0.0	0.0	0	0.0	114.88068	639	3733.2188	98.471344	636	3053.009
80856	1748854312.069152	0.016997167138810165	5577	208.03088	506	6199.1387	273.05304	504	8304.101	294.01453	508	9309.67	162.07861	509	5000.6777	0.0	0	0.0	0.0	0	0.0	0.0	0	0.0	122.324066	1901	4006.4421
81196	1748854315.6122744	0.016028495102404228	1892	292.01526	508	9282.929	372.6009	506	11480.524	0.0	0	0.0	0.0	0	0.0	0.0	0	0.0	225.28604	980	6627.66	0.0	0	0.0	0.0	0	0.0
81815	1748854321.7576528	0.019088016967126142	4238	392.0091	508	12523.112	165.55426	507	4779.5405	0.0	0	0.0	0.0	0	0.0	0.0	0	0.0	0.0	0	0.0	80.093506	1567	2411.8604	0.0	0	0.0
82164	1748854324.989234	0.02066590126291623	3026	308.02472	507	9447.066	225.28604	506	7479.205	0.0	0	0.0	0.0	0	0.0	0.0	0	0.0	0.0	0	0.0	424.73547	1264	13490.186	154.12772	1262	4618.727
82292	1748854326.0686548	0.020457280385078214	690	360.02094	508	11578.983	205.37033	506	6182.561	0.0	0	0.0	0.0	0	0.0	0.0	0	0.0	0.0	0	0.0	99.90158	681	3137.254	98.471344	678	2659.6313
82794	1748854330.848203	0.018200202224469164	8698	204.03235	506	6815.3115	149.62167	507	4673.0103	0.0	0	0.0	0.0	0	0.0	0.0	0	0.0	93.8884	2681	2853.225	0.0	0	0.0	0.0	0	0.0
83821	1748854340.4632409	0.015424164524421635	4396	392.0091	508	12627.123	177.5037	506	5396.022	202.9097	507	5927.3184	356.8836	507	11615.511	0.0	0	0.0	0.0	0	0.0	0.0	0	0.0	62.69992	1606	1634.7954
83917	1748854341.552884	0.021582733812949617	4996	428.0112	508	14079.249	555.7333	506	17522.986	0.0	0	0.0	0.0	0	0.0	0.0	0	0.0	181.48685	1756	6072.1567	0.0	0	0.0	0.0	0	0.0
84035	1748854342.6921673	0.019027484143763207	1412	252.03001	508	7943.096	269.0699	506	8144.159	0.0	0	0.0	0.0	0	0.0	0.0	0	0.0	141.67078	860	4352.084	0.0	0	0.0	0.0	0	0.0
84072	1748854343.0421872	0.019027484143763207	1684	228.0235	506	7243.0015	157.58798	506	4895.635	353.43872	507	11411.019	619.2637	505	19638.922	0.0	0	0.0	0.0	0	0.0	0.0	0	0.0	233.63681	927	7560.317
84842	1748854350.2963724	0.01642512077294689	9592	448.0038	508	14867.222	237.2201	506	7369.3535	0.0	0	0.0	0.0	0	0.0	0.0	0	0.0	109.8056	2905	3386.0117	0.0	0	0.0	0.0	0	0.0
84848	1748854350.3584723	0.01642512077294689	6858	388.0106	509	12555.043	245.18639	506	7261.333	0.0	0	0.0	0.0	0	0.0	0.0	0	0.0	0.0	0	0.0	84.06128	2222	2634.2246	0.0	0	0.0
85223	1748854354.107264	0.01658536585365855	3422	328.01733	508	10162.987	213.33661	505	7019.6216	0.0	0	0.0	0.0	0	0.0	0.0	0	0.0	0.0	0	0.0	68.22098	1362	2283.7856	0.0	0	0.0
85674	1748854358.4193015	0.020310633213859064	11798	160.03323	505	4986.7554	316.85223	504	10502.74	0.0	0	0.0	0.0	0	0.0	0.0	0	0.0	288.9856	3454	8688.577	0.0	0	0.0	0.0	0	0.0
85763	1748854359.1722593	0.020023557126030656	900	292.01526	508	9407.007	205.37033	506	6212.491	0.0	0	0.0	0.0	0	0.0	0.0	0	0.0	81.938965	732	2488.2063	0.0	0	0.0	0.0	0	0.0
87407	1748854374.2450442	0.0199530516431925	182	192.0214	506	6114.787	269.0699	505	8023.344	0.0	0	0.0	0.0	0	0.0	0.0	0	0.0	0.0	0	0.0	151.40564	551	4683.5005	0.0	0	0.0
87999	1748854379.6032495	0.020642201834862428	4337	160.03323	506	4870.782	173.52054	505	5692.82	119.709656	507	3506.502	185.93134	505	5713.1997	0.0	0	0.0	0.0	0	0.0	0.0	0	0.0	185.93134	1590	5653.53
88625	1748854385.52725	0.019000000000000017	6615	204.03235	506	6082.7983	165.55426	502	5318.911	210.82983	506	6556.148	189.91449	503	5884.1353	0.0	0	0.0	0.0	0	0.0	0.0	0	0.0	82.56952	2158	1961.1368
88794	1748854387.1034505	0.023945267958951022	1387	136.0267	506	4258.702	145.6539	503	4730.251	404.92743	505	12928.243	269.42358	503	8408.369	0.0	0	0.0	0.0	0	0.0	282.1266	853	9165.4	114.37317	849	3552.0403
89836	1748854396.6713822	0.022471910112359605	5318	240.01907	507	8075.2017	591.56616	506	18780.086	0.0	0	0.0	0.0	0	0.0	0.0	0	0.0	245.18639	1836	7638.409	0.0	0	0.0	0.0	0	0.0
89989	1748854398.148277	0.020588235294117685	3792	296.02917	508	8894.952	129.72134	508	4466.565	0.0	0	0.0	0.0	0	0.0	0.0	0	0.0	50.089203	1456	1407.4807	0.0	0	0.0	0.0	0	0.0
90438	1748854402.2219336	0.02305825242718451	1424	292.01526	507	9575.345	237.2201	506	8005.197	0.0	0	0.0	0.0	0	0.0	0.0	0	0.0	0.0	0	0.0	175.1661	863	5403.4663	66.667694	862	1790.5076
91710	1748854414.4291272	0.019387755102040827	5126	364.01944	508	11607.103	392.50122	505	11825.728	0.0	0	0.0	0.0	0	0.0	0.0	0	0.0	0.0	0	0.0	381.16696	1788	12441.865	0.0	0	0.0
92263	1748854419.8524816	0.01846452866861026	2620	188.02289	505	5702.801	201.38718	505	6284.816	0.0	0	0.0	0.0	0	0.0	0.0	0	0.0	0.0	0	0.0	218.75	1160	7115.696	0.0	0	0.0
92713	1748854424.1746075	0.02587322121604141	5622	300.02768	507	9387.106	185.46997	506	6156.1855	0.0	0	0.0	0.0	0	0.0	0.0	0	0.0	66.02179	1912	2648.6868	0.0	0	0.0	0.0	0	0.0
93375	1748854430.511685	0.018909899888765347	664	360.02094	508	11819.284	304.9028	507	9688.563	0.0	0	0.0	0.0	0	0.0	0.0	0	0.0	0.0	0	0.0	329.6629	674	11600.653	213.76721	673	6275.0073
93891	1748854435.2251139	0.029562982005141403	2184	128.02966	504	3906.5894	165.55426	504	4867.7524	0.0	0	0.0	0.0	0	0.0	0.0	0	0.0	113.78876	1050	3588.4456	0.0	0	0.0	0.0	0	0.0
94610	1748854442.0231283	0.018482490272373586	1694	220.02646	506	6810.854	209.35345	505	6494.43	349.47095	506	11123.03	519.86957	505	16887.111	0.0	0	0.0	0.0	0	0.0	0.0	0	0.0	213.76721	929	6149.6523
94997	1748854445.6736019	0.022222222222222254	10734	252.03001	507	7635.0107	197.40402	505	6414.415	187.05402	508	5417.2153	162.07861	506	4536.1567	0.0	0	0.0	0.0	0	0.0	0.0	0	0.0	94.50357	3190	3034.0315
95543	1748854451.0053535	0.022304832713754608	6430	376.015	507	11587.244	599.5325	506	18869.092	0.0	0	0.0	0.0	0	0.0	0.0	0	0.0	177.5037	2114	5906.218	0.0	0	0.0	0.0	0	0.0
96205	1748854457.2768652	0.022222222222222254	14862	164.03174	505	5086.917	165.55426	506	5320.2793	135.56534	506	4093.6855	177.98044	505	5548.3984	0.0	0	0.0	0.0	0	0.0	0.0	0	0.0	59.639496	4221	1920.9828
96425	1748854459.3292809	0.02187902187902191	3536	344.01144	508	11163.244	149.62167	505	4868.692	0.0	0	0.0	0.0	0	0.0	0.0	0	0.0	0.0	0	0.0	591.1048	1391	18732.814	432.42496	1390	13204.785
98061	1748854474.9721746	0.017671517671517645	2984	272.02264	508	8787.101	587.58307	506	18354.873	0.0	0	0.0	0.0	0	0.0	0.0	0	0.0	125.73819	1253	3633.659	0.0	0	0.0	0.0	0	0.0
99346	1748854486.9170632	0.0174717368961973	1424	268.0241	507	8643.185	265.08673	505	8414.83	0.0	0	0.0	0.0	0	0.0	0.0	0	0.0	0.0	0	0.0	76.14111	862	2321.295	0.0	0	0.0
100037	1748854493.0754945	0.020898641588296796	2042	332.01587	508	10511.366	384.53494	505	12023.93	0.0	0	0.0	0.0	0	0.0	0.0	0	0.0	117.77191	1017	3779.1443	0.0	0	0.0	0.0	0	0.0
100219	1748854494.9126492	0.017681728880157177	1341	236.02054	506	7363.05	137.68762	502	4160.7417	171.21371	506	5132.89	170.02954	505	5293.9243	0.0	0	0.0	0.0	0	0.0	0.0	0	0.0	82.56952	840	2505.8115
100244	1748854495.1671493	0.017681728880157177	636	480.0074	508	15531.082	501.66092	507	16205.94	0.0	0	0.0	0.0	0	0.0	288.01672	668	9511.044	643.33167	665	20425.057	0.0	0	0.0	0.0	0	0.0
100517	1748854497.8621185	0.020735155513666337	808	212.02942	506	6538.891	117.77191	506	3836.5684	0.0	0	0.0	0.0	0	0.0	0.0	0	0.0	0.0	0	0.0	151.40564	708	4994.2017	0.0	0	0.0
101657	1748854508.652754	0.02211874272409775	1550	555.9947	509	18646.963	324.81854	508	10318.683	0.0	0	0.0	0.0	0	0.0	0.0	0	0.0	396.48438	896	12634.886	0.0	0	0.0	0.0	0	0.0
102023	1748854512.1343143	0.02432778489116516	1886	416.01562	508	12919.199	261.11896	507	8234.004	0.0	0	0.0	0.0	0	0.0	0.0	0	0.0	288.9856	979	9207.569	0.0	0	0.0	0.0	0	0.0
102053	1748854512.3686144	0.02432778489116516	658	312.02325	506	9835.295	344.71887	505	10926.18	0.0	0	0.0	0.0	0	0.0	0.0	0	0.0	282.69562	670	9473.885	0.0	0	0.0	0.0	0	0.0
102319	1748854514.9214647	0.02491103202846978	474	188.02289	506	6083.228	189.43774	505	5843.2563	0.0	0	0.0	0.0	0	0.0	0.0	0	0.0	143.34705	624	5150.111	0.0	0	0.0	0.0	0	0.0
102834	1748854519.9290905	0.020588235294117685	187	256.02856	507	8331.002	372.6009	505	15795.709	282.1266	507	15587.628	309.17816	504	12828.181	0.0	0	0.0	99.54788	551	5961.8115	178.25725	554	8273.528	75.54135	553	4673.509
102883	1748854520.4288905	0.020588235294117685	1492	204.03235	507	6626.952	316.85223	505	10261.752	0.0	0	0.0	0.0	0	0.0	0.0	0	0.0	0.0	0	0.0	95.94919	879	2805.8374	0.0	0	0.0
103277	1748854523.8973897	0.020408163265306145	2460	292.01526	508	9567.5625	643.33167	506	19973.303	0.0	0	0.0	0.0	0	0.0	0.0	0	0.0	277.0362	1122	8399.65	0.0	0	0.0	0.0	0	0.0
103470	1748854525.811409	0.017383348581884728	5156	224.02496	506	6851.0835	269.0699	506	8300.12	0.0	0	0.0	0.0	0	0.0	0.0	0	0.0	165.55426	1795	4977.559	0.0	0	0.0	0.0	0	0.0
103895	1748854530.0924814	0.020449897750511203	1204	336.0144	508	11695.314	802.59595	505	24765.303	0.0	0	0.0	0.0	0	0.0	380.01355	809	12235.267	105.83783	806	3715.8599	0.0	0	0.0	0.0	0	0.0
105369	1748854543.5685217	0.01851851851851849	12500	244.0176	508	7619.14	129.72134	506	4253.198	115.75726	506	3225.7598	197.86542	506	6328.864	0.0	0	0.0	0.0	0	0.0	52.365295	3632	1298.9517	126.30722	3631	3420.5508
105510	1748854544.9427722	0.02195121951219514	250	316.0218	507	10010.966	261.11896	506	8668.676	0.0	0	0.0	0.0	0	0.0	0.0	0	0.0	0.0	0	0.0	131.59756	569	3855.0967	0.0	0	0.0
106436	1748854553.440315	0.016393442622950838	4296	272.02264	507	8403.114	237.2201	506	7079.046	0.0	0	0.0	0.0	0	0.0	0.0	0	0.0	0.0	0	0.0	781.25	1582	25434.34	571.5582	1579	18986.088
106772	1748854556.6030753	0.022031823745410017	12830	188.02289	506	5802.7173	221.30292	503	6781.4023	171.21371	505	5337.5215	158.11084	504	4922.108	0.0	0	0.0	0.0	0	0.0	0.0	0	0.0	193.88226	3712	5784.8037
107060	1748854559.3536465	0.0165369649805448	7433	128.02966	505	4454.782	133.70447	505	3999.5547	428.70325	505	12694.1455	647.08417	504	20805.916	0.0	0	0.0	0.0	0	0.0	0.0	0	0.0	933.3323	2363	30765.482
107418	1748854562.9041884	0.01741803278688525	13254	164.03174	506	4810.9707	129.72134	505	4313.5903	0.0	0	0.0	0.0	0	0.0	0.0	0	0.0	93.8884	3819	2710.9702	0.0	0	0.0	0.0	0	0.0
107863	1748854567.1716526	0.01857923497267755	3947	212.02942	507	6206.8457	177.5037	504	5622.538	373.2468	507	11833.169	392.6704	505	11912.709	0.0	0	0.0	0.0	0	0.0	404.92743	1493	12677.78	62.69992	1492	1723.8398
107918	1748854567.6927786	0.019685039370078705	1010	216.02792	506	6542.8447	165.55426	505	4945.0796	0.0	0	0.0	0.0	0	0.0	0.0	0	0.0	0.0	0	0.0	919.9065	758	29803.63	0.0	0	0.0
108242	1748854570.5805752	0.027638190954773822	2240	236.02054	507	7315.0366	137.68762	505	4372.154	0.0	0	0.0	0.0	0	0.0	0.0	0	0.0	0.0	0	0.0	781.25	1067	25982.754	317.12906	1065	9742.094
108429	1748854572.2281141	0.0201271186440678	9952	252.03001	507	8207.061	117.77191	507	3547.906	0.0	0	0.0	0.0	0	0.0	0.0	0	0.0	0.0	0	0.0	52.365295	2995	1247.417	0.0	0	0.0
108766	1748854575.2378597	0.02183908045977012	1084	268.0241	508	8359.055	213.33661	506	6505.121	0.0	0	0.0	0.0	0	0.0	0.0	0	0.0	129.72134	778	3845.551	0.0	0	0.0	0.0	0	0.0
109007	1748854577.4517937	0.01969365426695846	1548	360.02094	508	10823.082	229.25381	505	7376.537	0.0	0	0.0	0.0	0	0.0	284.0182	893	9255.033	241.20325	894	7432.4062	0.0	0	0.0	0.0	0	0.0
110322	1748854590.1421673	0.019459459459459483	242	304.02618	507	9547.015	281.01932	506	10378.3125	0.0	0	0.0	0.0	0	0.0	0.0	0	0.0	55.748657	567	2721.8428	0.0	0	0.0	0.0	0	0.0
110993	1748854596.2930758	0.01831129196337744	1380	156.0347	506	5250.8135	157.58798	504	5315.235	317.79034	506	10187.933	225.68591	506	7210.509	0.0	0	0.0	0.0	0	0.0	68.22098	852	1750.0463	54.749023	849	1236.0359
111303	1748854599.089706	0.019771071800208095	774	452.0177	507	14579.328	699.06494	506	21944.766	0.0	0	0.0	0.0	0	0.0	0.0	0	0.0	0.0	0	0.0	179.13385	700	5480.6094	0.0	0	0.0
111712	1748854603.1061594	0.019629225736095934	804	224.02496	506	6947.018	245.18639	505	7208.538	0.0	0	0.0	0.0	0	0.0	96.04147	708	2694.5295	191.11404	705	5626.5835	0.0	0	0.0	0.0	0	0.0
111726	1748854603.2345395	0.019629225736095934	5818	971.96423	510	32254.56	392.50122	509	13062.343	0.0	0	0.0	0.0	0	0.0	0.0	0	0.0	0.0	0	0.0	72.17334	1964	1943.2516	0.0	0	0.0
112031	1748854606.138615	0.01943844492440605	1929	276.02118	508	9279.58	157.58798	506	4672.0103	353.43872	507	11760.965	985.0055	507	30458.188	0.0	0	0.0	145.6539	988	4976.5903	159.32578	991	5078.2637	233.63681	989	7381.72
112484	1748854610.428409	0.02060737527114964	2482	452.0177	509	15275.118	308.88596	508	9930.15	0.0	0	0.0	0.0	0	0.0	0.0	0	0.0	1000.0	1129	40747.51	0.0	0	0.0	0.0	0	0.0
112539	1748854610.877105	0.02473958333333337	1012	184.02435	508	5630.888	113.78876	506	3740.3582	0.0	0	0.0	0.0	0	0.0	0.0	0	0.0	109.8056	760	3267.364	0.0	0	0.0	0.0	0	0.0
113946	1748854623.720883	0.027431421446383997	4612	164.03174	506	5218.962	245.18639	504	7138.823	0.0	0	0.0	0.0	0	0.0	0.0	0	0.0	0.0	0	0.0	80.093506	1658	2561.5737	0.0	0	0.0
114096	1748854624.9360054	0.023341523341523396	1140	244.0176	507	7987.494	416.4001	505	12327.684	0.0	0	0.0	0.0	0	0.0	0.0	0	0.0	117.77191	791	3602.6401	0.0	0	0.0	0.0	0	0.0
115293	1748854635.8659084	0.0201271186440678	12048	472.01035	508	15759.214	121.755035	508	3960.9534	0.0	0	0.0	0.0	0	0.0	128.02966	3521	3842.582	121.755035	3519	3766.7175	0.0	0	0.0	0.0	0	0.0
116207	1748854644.827397	0.02032085561497321	466	300.02768	506	9335.031	500.0	505	15361.898	0.0	0	0.0	0.0	0	0.0	0.0	0	0.0	0.0	0	0.0	242.51047	622	7738.851	0.0	0	0.0
116628	1748854648.8973255	0.021428571428571463	412	380.01355	508	12475.116	133.70447	506	4012.4565	0.0	0	0.0	0.0	0	0.0	0.0	0	0.0	51.765503	610	1093.5037	0.0	0	0.0	0.0	0	0.0
117806	1748854659.4974263	0.020148462354188768	3860	240.01907	507	7298.98	316.85223	505	10041.367	0.0	0	0.0	0.0	0	0.0	0.0	0	0.0	193.4209	1471	5828.2466	0.0	0	0.0	0.0	0	0.0
118518	1748854666.0709484	0.018830525272547027	468	316.0218	507	10223.304	477.79282	507	15565.255	0.0	0	0.0	0.0	0	0.0	0.0	0	0.0	802.59595	624	25819.383	0.0	0	0.0	0.0	0	0.0
118766	1748854668.4720435	0.018830525272547027	530	276.02118	507	8871.055	161.5711	505	4873.044	301.9347	508	9550.968	456.27768	506	14274.221	0.0	0	0.0	0.0	0	0.0	0.0	0	0.0	293.2763	639	9392.545
120192	1748854682.1622138	0.021810250817884458	4485	136.0267	505	4134.674	117.77191	505	3916.4646	187.05402	505	5806.64	142.20905	504	4106.251	0.0	0	0.0	0.0	0	0.0	0.0	0	0.0	531.80365	1626	16473.271
121414	1748854694.039113	0.02021276595744681	150	352.02386	507	11327.063	237.2201	506	11037.305	0.0	0	0.0	0.0	0	0.0	0.0	0	0.0	83.615295	544	5404.8813	0.0	0	0.0	0.0	0	0.0
121641	1748854696.3544173	0.021276595744680882	12090	140.0252	506	4894.8804	117.77191	506	3766.1033	183.10162	506	5580.355	189.91449	504	5810.8105	0.0	0	0.0	0.0	0	0.0	0.0	0	0.0	58.716766	3528	1670.0135
122232	1748854701.6365037	0.026615969581749055	1342	196.03531	507	6010.871	802.59595	506	24552.889	0.0	0	0.0	0.0	0	0.0	0.0	0	0.0	241.20325	842	7514.7627	0.0	0	0.0	0.0	0	0.0
122386	1748854702.9978256	0.019791666666666652	322	360.02094	507	11323.173	364.63458	506	16400.621	0.0	0	0.0	0.0	0	0.0	0.0	0	0.0	147.31485	587	6010.0093	0.0	0	0.0	0.0	0	0.0
124017	1748854718.2933269	0.02155172413793105	3584	312.02325	507	10019.273	432.3173	507	13868.79	0.0	0	0.0	0.0	0	0.0	0.0	0	0.0	157.58798	1403	4644.206	0.0	0	0.0	0.0	0	0.0
124248	1748854720.5070095	0.022727272727272707	4994	312.02325	507	9739.175	304.9028	506	9435.099	0.0	0	0.0	0.0	0	0.0	0.0	0	0.0	0.0	0	0.0	159.32578	1756	5137.241	225.68591	1754	7013.519
124450	1748854722.3216593	0.026548672566371723	128	280.01968	507	9151.41	189.43774	505	9207.582	0.0	0	0.0	0.0	0	0.0	0.0	0	0.0	75.64902	538	5313.653	0.0	0	0.0	0.0	0	0.0
124695	1748854724.420167	0.021321961620469065	596	252.03001	507	8287.523	241.20325	505	7369.1235	0.0	0	0.0	0.0	0	0.0	0.0	0	0.0	245.18639	655	8122.537	0.0	0	0.0	0.0	0	0.0
126163	1748854738.0612078	0.019027484143763207	126	356.0224	507	11407.095	444.26672	506	21866.252	0.0	0	0.0	0.0	0	0.0	0.0	0	0.0	230.93011	538	12397.5	0.0	0	0.0	0.0	0	0.0
126579	1748854741.8558984	0.020140986908358527	376	419.96802	507	13594.858	420.38324	506	21528.928	0.0	0	0.0	0.0	0	0.0	507.99704	602	31054.084	258.79675	599	8648.664	0.0	0	0.0	0.0	0	0.0
126590	1748854741.9651284	0.020140986908358527	277	288.01672	507	9239.223	253.15268	505	7715.7485	297.9823	508	9319.929	344.96494	507	12139.445	0.0	0	0.0	0.0	0	0.0	0.0	0	0.0	55.656372	576	2059.608
126630	1748854742.3589704	0.021428571428571463	580	340.01294	507	10643.316	595.5493	506	19211.768	0.0	0	0.0	0.0	0	0.0	159.98709	653	5218.9614	278.71246	650	8791.415	0.0	0	0.0	0.0	0	0.0
127184	1748854747.8184574	0.01941747572815533	3841	228.0235	508	7458.9834	201.38718	506	6306.9487	393.05487	508	13555.898	122.324066	505	3178.594	0.0	0	0.0	0.0	0	0.0	147.43787	1468	4444.0796	205.81631	1466	6685.749
127592	1748854752.0415978	0.01526717557251911	3984	308.02472	508	10079.064	129.72134	506	4284.7866	147.43787	507	4098.514	114.37317	507	3591.5325	0.0	0	0.0	0.0	0	0.0	0.0	0	0.0	54.749023	1503	1564.8217
129049	1748854765.519519	0.021324354657688005	1176	284.0182	506	8531.07	316.85223	506	10360.762	0.0	0	0.0	0.0	0	0.0	0.0	0	0.0	0.0	0	0.0	68.22098	800	2019.3468	0.0	0	0.0
129171	1748854766.6877575	0.019860973187686204	6160	224.02496	507	7218.918	141.67078	506	4794.735	349.47095	508	10873.599	134.25812	504	3813.4976	208.03088	2048	6522.806	165.55426	2044	5144.823	194.97415	2047	5749.5093	201.83316	2046	5935.8555
129447	1748854769.2996619	0.019189765458422214	11086	212.02942	507	6811.1597	161.5711	504	4682.96	0.0	0	0.0	0.0	0	0.0	0.0	0	0.0	73.97269	3277	2167.1538	0.0	0	0.0	0.0	0	0.0
129674	1748854771.559335	0.01671309192200554	10976	252.03001	507	7738.9727	141.67078	505	4464.642	0.0	0	0.0	0.0	0	0.0	0.0	0	0.0	145.6539	3250	4639.7295	0.0	0	0.0	0.0	0	0.0
130301	1748854777.7067697	0.01898734177215189	13922	236.02054	507	7667.1987	165.55426	506	4938.451	115.75726	507	3477.959	162.07861	506	4506.1685	192.0214	3987	6510.856	121.755035	3986	3781.083	210.82983	3988	6564.238	98.471344	3987	2997.9976
130429	1748854778.9084916	0.018826135105204922	12714	272.02264	507	8262.936	189.43774	504	5575.4785	0.0	0	0.0	0.0	0	0.0	0.0	0	0.0	0.0	0	0.0	258.36615	3684	8096.7183	0.0	0	0.0
130590	1748854780.4015474	0.019007391763463555	4808	184.02435	506	5698.9243	129.72134	505	3841.9663	191.02179	507	5842.274	134.25812	504	4363.713	0.0	0	0.0	0.0	0	0.0	123.6774	1710	4029.8164	181.9636	1705	5042.832
131143	1748854785.452861	0.020994475138121582	3050	200.03384	506	5854.928	296.9519	507	9316.992	0.0	0	0.0	0.0	0	0.0	0.0	0	0.0	145.6539	1269	4868.3237	0.0	0	0.0	0.0	0	0.0
132191	1748854795.3157303	0.023728813559321993	2836	392.0091	508	12487.448	420.38324	506	13104.883	0.0	0	0.0	0.0	0	0.0	0.0	0	0.0	0.0	0	0.0	95.94919	1216	3063.7114	0.0	0	0.0
132795	1748854801.1478615	0.0153721682847896	710	507.99704	509	16543.06	304.9028	508	9513.119	0.0	0	0.0	0.0	0	0.0	0.0	0	0.0	73.97269	686	2082.2317	0.0	0	0.0	0.0	0	0.0
132944	1748854802.7212758	0.01830443159922923	3036	168.03027	505	5387.069	217.31976	503	6530.678	222.7024	505	7192.6367	110.405396	503	2931.2388	0.0	0	0.0	0.0	0	0.0	0.0	0	0.0	98.471344	1263	2701.5237
133437	1748854807.9290068	0.016468435498627643	5484	144.03912	506	4490.7075	149.62167	506	5173.349	0.0	0	0.0	0.0	0	0.0	0.0	0	0.0	0.0	0	0.0	436.6234	1877	13764.118	0.0	0	0.0
133921	1748854812.2548976	0.023782559456398622	1946	547.9823	508	18051.027	416.4001	507	13266.932	0.0	0	0.0	0.0	0	0.0	0.0	0	0.0	0.0	0	0.0	650.52905	994	20582.277	0.0	0	0.0
134104	1748854813.8635805	0.02352941176470591	5566	444.00528	508	14775.098	671.19836	507	22215.078	0.0	0	0.0	0.0	0	0.0	0.0	0	0.0	221.30292	1899	6673.351	0.0	0	0.0	0.0	0	0.0
134127	1748854814.0590804	0.02352941176470591	5442	360.02094	507	11346.889	221.30292	508	7432.44	0.0	0	0.0	0.0	0	0.0	0.0	0	0.0	977.77747	1868	30776.871	0.0	0	0.0	0.0	0	0.0
134820	1748854820.621941	0.020042194092827037	164	292.01526	509	9591.214	173.52054	505	5106.6807	0.0	0	0.0	0.0	0	0.0	0.0	0	0.0	0.0	0	0.0	440.59116	548	13588.811	0.0	0	0.0
135640	1748854828.3964686	0.020222446916076886	12972	236.02054	507	7615.1855	233.23697	505	7062.899	0.0	0	0.0	0.0	0	0.0	0.0	0	0.0	0.0	0	0.0	64.253204	3749	1795.3834	0.0	0	0.0
135750	1748854829.4441354	0.02209944751381221	67	312.02325	508	10843.183	500.0	506	15679.625	587.1371	508	18684.738	1000.0	511	50688.117	0.0	0	0.0	0.0	0	0.0	0.0	0	0.0	1000.0	525	50688.117
136977	1748854841.280395	0.02285714285714291	984	324.01883	508	10635.212	794.62964	506	24512.697	0.0	0	0.0	0.0	0	0.0	0.0	0	0.0	73.97269	753	2193.083	0.0	0	0.0	0.0	0	0.0
139072	1748854860.1293516	0.02066115702479343	907	208.03088	506	6743.245	161.5711	505	4894.3745	274.20645	506	8943.146	213.76721	505	6395.7617	0.0	0	0.0	125.73819	731	3587.49	170.33713	735	5108.545	181.9636	731	5239.775
139134	1748854860.720743	0.019169329073482455	6432	276.02118	507	9231.091	193.4209	505	5889.4717	0.0	0	0.0	0.0	0	0.0	0.0	0	0.0	0.0	0	0.0	84.06128	2114	2724.791	0.0	0	0.0
140008	1748854868.987718	0.019128586609989395	2864	228.0235	507	7479.2197	436.30045	503	13589.493	0.0	0	0.0	0.0	0	0.0	0.0	0	0.0	97.87155	1221	3023.223	0.0	0	0.0	0.0	0	0.0
140308	1748854871.6770766	0.021158129175946505	4336	188.02289	506	6026.897	257.13583	505	7561.254	341.5508	506	11054.146	694.7896	505	22393.012	0.0	0	0.0	0.0	0	0.0	155.37341	1591	4738.065	201.83316	1588	6350.27
140379	1748854872.3146565	0.021158129175946505	792	148.03766	505	4286.6772	161.5711	504	4934.7285	238.55807	506	7375.416	523.8527	505	16471.701	0.0	0	0.0	0.0	0	0.0	0.0	0	0.0	185.93134	703	5464.9067
140762	1748854875.9488122	0.01902949571836343	728	320.0203	507	10651.083	468.1502	505	14791.247	0.0	0	0.0	0.0	0	0.0	0.0	0	0.0	151.29797	688	5078.275	0.0	0	0.0	0.0	0	0.0
140780	1748854876.1379924	0.01902949571836343	152	252.03001	507	8151.0044	197.40402	505	9635.331	0.0	0	0.0	0.0	0	0.0	0.0	0	0.0	71.66583	544	4846.9917	0.0	0	0.0	0.0	0	0.0
141154	1748854879.7426426	0.018428709990300662	2866	288.01672	507	9255.203	332.78482	506	10902.311	0.0	0	0.0	0.0	0	0.0	0.0	0	0.0	0.0	0	0.0	270.25406	1223	8605.93	0.0	0	0.0
141328	1748854881.2792995	0.021181716833890696	8048	328.01733	508	10167.032	476.11652	506	14775.513	0.0	0	0.0	0.0	0	0.0	0.0	0	0.0	392.50122	2519	12687.766	0.0	0	0.0	0.0	0	0.0
142193	1748854889.5691733	0.025551684088269466	5842	140.0252	504	4178.595	257.13583	503	7845.886	0.0	0	0.0	0.0	0	0.0	0.0	0	0.0	117.77191	1964	3649.4236	0.0	0	0.0	0.0	0	0.0
143247	1748854899.2935727	0.022925764192139764	1928	208.03088	506	6606.959	181.48685	504	5670.6587	0.0	0	0.0	0.0	0	0.0	0.0	0	0.0	0.0	0	0.0	361.3589	988	11572.572	333.03088	986	10344.504
143666	1748854903.1181252	0.02445302445302444	2333	196.03531	506	6018.9434	205.37033	503	6755.7974	309.85483	506	10436.373	273.40674	504	8055.797	0.0	0	0.0	0.0	0	0.0	0.0	0	0.0	694.7896	1088	22315.361
144239	1748854908.395378	0.01645338208409508	554	551.9962	508	17610.977	667.2152	507	28167.031	0.0	0	0.0	0.0	0	0.0	0.0	0	0.0	207.04663	646	7433.532	0.0	0	0.0	0.0	0	0.0
144467	1748854910.6102653	0.018909899888765347	3096	160.03323	505	4950.89	213.33661	505	6539.939	0.0	0	0.0	0.0	0	0.0	0.0	0	0.0	0.0	0	0.0	60.28543	1279	2047.4131	0.0	0	0.0
145051	1748854915.8818047	0.015596330275229331	1168	456.01624	509	15103.118	336.76794	507	10920.796	0.0	0	0.0	0.0	0	0.0	0.0	0	0.0	197.40402	800	5862.1416	0.0	0	0.0	0.0	0	0.0
145114	1748854916.561743	0.016472868217054293	13548	380.01355	509	12079.063	296.9519	507	9175.718	222.7024	510	7185.1465	118.35629	508	3364.879	0.0	0	0.0	0.0	0	0.0	578.34033	3895	18779.014	181.9636	3896	5428.551
145404	1748854919.3564508	0.016377649325626242	3134	220.02646	507	7007.3467	177.5037	504	5184.637	0.0	0	0.0	0.0	0	0.0	0.0	0	0.0	0.0	0	0.0	64.253204	1289	1876.7072	0.0	0	0.0
146134	1748854926.7016313	0.017061611374407537	627	160.03323	506	4794.7637	157.58798	506	5017.6367	365.32666	505	11744.198	329.0631	504	10709.338	0.0	0	0.0	0.0	0	0.0	0.0	0	0.0	535.7714	662	16916.791
146323	1748854928.5060005	0.017913593256059013	10934	188.02289	506	5883.133	109.8056	505	3684.2878	0.0	0	0.0	0.0	0	0.0	0.0	0	0.0	0.0	0	0.0	64.253204	3239	1688.3925	0.0	0	0.0
146350	1748854928.7622304	0.017913593256059013	3794	272.02264	507	8230.992	245.18639	506	7986.466	0.0	0	0.0	0.0	0	0.0	0.0	0	0.0	217.31976	1455	7499.7373	0.0	0	0.0	0.0	0	0.0
147047	1748854935.4391942	0.02372034956304614	924	408.0186	508	13055.026	185.46997	506	5203.709	0.0	0	0.0	0.0	0	0.0	0.0	0	0.0	265.08673	738	8228.301	0.0	0	0.0	0.0	0	0.0
147640	1748854941.0290096	0.018645731108930308	2408	248.0315	507	7727.0073	348.70203	505	10968.482	0.0	0	0.0	0.0	0	0.0	0.0	0	0.0	372.6009	1108	12052.596	0.0	0	0.0	0.0	0	0.0
148959	1748854954.4020169	0.017061611374407537	342	468.0118	508	16508.459	392.50122	507	20810.688	0.0	0	0.0	0.0	0	0.0	0.0	0	0.0	286.6634	593	9164.355	0.0	0	0.0	0.0	0	0.0
149670	1748854961.3119826	0.01814516129032262	864	384.01205	509	12311.192	189.43774	507	5878.722	0.0	0	0.0	0.0	0	0.0	0.0	0	0.0	0.0	0	0.0	432.67102	724	13825.292	0.0	0	0.0
150596	1748854970.4421563	0.016042780748663055	270	360.02094	507	11159.172	496.03223	506	26970.666	0.0	0	0.0	0.0	0	0.0	0.0	0	0.0	350.37833	574	12701.171	0.0	0	0.0	0.0	0	0.0
151082	1748854975.2562075	0.018595041322314043	886	472.01035	508	15035.202	778.6971	507	24306.475	0.0	0	0.0	0.0	0	0.0	0.0	0	0.0	533.52606	729	16608.715	0.0	0	0.0	0.0	0	0.0
152026	1748854984.8221855	0.022004889975550168	312	348.02533	507	10423.167	352.68518	507	14260.431	0.0	0	0.0	0.0	0	0.0	0.0	0	0.0	103.515625	585	3626.954	0.0	0	0.0	0.0	0	0.0
152261	1748854986.8538847	0.01807228915662651	1876	348.02533	508	11319.157	249.16954	508	7926.75	0.0	0	0.0	0.0	0	0.0	0.0	0	0.0	50.089203	977	1497.2932	0.0	0	0.0	0.0	0	0.0
152283	1748854987.0730047	0.01807228915662651	384	232.02203	506	7018.946	149.62167	503	4668.304	294.01453	506	9322.651	138.22589	505	4153.219	0.0	0	0.0	0.0	0	0.0	0.0	0	0.0	368.8177	601	11283.404
152310	1748854987.3430932	0.017034068136272507	2056	304.02618	508	10111.131	265.08673	506	8646.807	0.0	0	0.0	0.0	0	0.0	0.0	0	0.0	157.58798	1021	5414.415	0.0	0	0.0	0.0	0	0.0
152369	1748854987.9319131	0.017034068136272507	3466	436.00824	508	14203.391	344.71887	507	10682.886	0.0	0	0.0	0.0	0	0.0	0.0	0	0.0	0.0	0	0.0	91.981415	1374	3046.502	0.0	0	0.0
153175	1748854995.5594704	0.02573529411764708	2594	388.0106	510	13075.374	316.85223	507	9783.848	0.0	0	0.0	0.0	0	0.0	0.0	0	0.0	0.0	0	0.0	191.02179	1157	6079.986	0.0	0	0.0
154451	1748855007.198883	0.02079002079002079	1195	164.03174	505	5114.8	109.8056	503	3943.4365	262.31854	506	8656.57	333.03088	503	10404.68	0.0	0	0.0	0.0	0	0.0	0.0	0	0.0	591.4278	803	19328.904
155155	1748855013.947351	0.020994475138121582	3092	220.02646	507	6899.249	185.46997	503	5748.985	0.0	0	0.0	0.0	0	0.0	0.0	0	0.0	81.938965	1278	2333.0935	0.0	0	0.0	0.0	0	0.0
155791	1748855019.7940543	0.025766871165644134	273	176.02731	507	5819.294	177.5037	504	5483.497	262.31854	507	8097.6567	134.25812	505	3758.3645	0.0	0	0.0	0.0	0	0.0	0.0	0	0.0	55.656372	574	1503.6287
156141	1748855023.0606992	0.017511520737327202	6898	500.0	507	15827.066	304.9028	508	9479.917	0.0	0	0.0	0.0	0	0.0	0.0	0	0.0	0.0	0	0.0	135.56534	2232	3786.8447	150.15994	2232	4544.4463
156392	1748855025.4758842	0.020576131687242816	7624	220.02646	507	7151.1274	249.16954	505	7786.1387	0.0	0	0.0	0.0	0	0.0	0.0	0	0.0	117.77191	2412	3488.866	0.0	0	0.0	0.0	0	0.0
156969	1748855030.9181616	0.021929824561403466	3830	292.01526	507	9306.981	878.245	506	28702.914	0.0	0	0.0	0.0	0	0.0	0.0	0	0.0	237.2201	1464	7463.0254	0.0	0	0.0	0.0	0	0.0
157491	1748855035.797226	0.019791666666666652	478	248.0315	506	7618.893	277.0362	505	8570.48	0.0	0	0.0	0.0	0	0.0	0.0	0	0.0	0.0	0	0.0	91.981415	625	2698.4775	0.0	0	0.0
157680	1748855037.5588613	0.019407558733401387	226	180.02585	506	5458.752	229.25381	505	12631.723	0.0	0	0.0	0.0	0	0.0	0.0	0	0.0	175.19687	562	6271.1924	0.0	0	0.0	0.0	0	0.0
158262	1748855043.509417	0.017786561264822143	94	416.01562	508	13167.09	131.39763	505	5479.0073	0.0	0	0.0	0.0	0	0.0	0.0	0	0.0	324.81854	530	15896.193	0.0	0	0.0	0.0	0	0.0
160338	1748855063.1512692	0.019251336898395754	478	380.01355	508	12543.369	308.88596	505	9913.615	0.0	0	0.0	0.0	0	0.0	0.0	0	0.0	250.84586	626	8352.779	0.0	0	0.0	0.0	0	0.0
160994	1748855069.3869226	0.016744186046511622	5196	148.03766	505	4534.86	213.33661	503	6502.152	0.0	0	0.0	0.0	0	0.0	288.01672	1804	9467.23	245.18639	1802	7555.8237	0.0	0	0.0	0.0	0	0.0
161666	1748855075.497195	0.019128586609989395	3692	280.01968	507	9219.294	392.50122	505	12040.4	0.0	0	0.0	0.0	0	0.0	0.0	0	0.0	0.0	0	0.0	127.62979	1429	3899.0337	0.0	0	0.0
161950	1748855078.12392	0.02164502164502169	964	348.02533	507	11087.275	316.85223	505	9730.402	0.0	0	0.0	0.0	0	0.0	0.0	0	0.0	0.0	0	0.0	1000.0	747	55498.33	0.0	0	0.0
163032	1748855088.049458	0.019715224534501696	2112	224.02496	506	6462.767	225.28604	506	6811.4546	0.0	0	0.0	0.0	0	0.0	0.0	0	0.0	0.0	0	0.0	127.62979	1034	4257.317	0.0	0	0.0
163801	1748855095.0865328	0.019375672766415497	12533	188.02289	508	6058.9307	149.62167	506	4686.6978	175.1661	505	5273.253	289.30856	504	9013.29	0.0	0	0.0	0.0	0	0.0	0.0	0	0.0	58.716766	3639	1666.3688
165835	1748855113.8425264	0.017894736842105297	1540	244.0176	508	8791.542	229.25381	506	7478.8066	0.0	0	0.0	0.0	0	0.0	0.0	0	0.0	364.63458	892	12220.814	0.0	0	0.0	0.0	0	0.0
166709	1748855121.846492	0.02130177514792897	4371	208.03088	508	6270.8975	169.53741	504	5185.191	389.0871	507	12304.563	527.8205	506	16372.955	0.0	0	0.0	0.0	0	0.0	0.0	0	0.0	388.68726	1599	12230.177
166821	1748855122.8146613	0.017913593256059013	8254	272.02264	507	8803.265	141.67078	506	4675.5938	0.0	0	0.0	0.0	0	0.0	0.0	0	0.0	66.02179	2570	1846.7803	0.0	0	0.0	0.0	0	0.0
166952	1748855124.064083	0.018730489073881418	14050	284.0182	510	9467.031	257.13583	505	8473.576	0.0	0	0.0	0.0	0	0.0	0.0	0	0.0	0.0	0	0.0	60.28543	4020	1699.4188	0.0	0	0.0
167010	1748855124.6280606	0.01658536585365855	10383	168.03027	506	5694.988	177.5037	504	5914.4307	127.62979	506	3861.663	313.16132	505	9218.276	0.0	0	0.0	137.68762	3100	4406.586	254.39838	3102	8027.605	213.76721	3101	6361.205
167150	1748855126.0695848	0.017357762777241992	630	180.02585	507	5182.745	265.08673	504	8092.3174	440.59116	506	14566.464	245.57086	505	7372.218	0.0	0	0.0	0.0	0	0.0	0.0	0	0.0	289.30856	663	9650.313
167538	1748855129.9285717	0.017210144927536253	3772	236.02054	507	7350.9155	193.4209	505	6165.0156	0.0	0	0.0	0.0	0	0.0	0.0	0	0.0	0.0	0	0.0	214.78223	1450	7273.637	213.76721	1448	6597.9336
167807	1748855132.5038583	0.019607843137254943	8952	360.02094	508	11439.302	189.43774	506	5540.6455	0.0	0	0.0	0.0	0	0.0	0.0	0	0.0	0.0	0	0.0	68.22098	2745	1717.0281	0.0	0	0.0
170684	1748855159.5920827	0.02196531791907519	214	364.01944	507	11407.16	352.68518	506	19353.715	0.0	0	0.0	0.0	0	0.0	0.0	0	0.0	254.8136	560	9973.498	0.0	0	0.0	0.0	0	0.0
170974	1748855162.1550343	0.024265644955300147	2016	180.02585	505	5719.01	201.38718	505	6307.67	274.20645	505	8656.125	269.42358	505	8017.257	0.0	0	0.0	0.0	0	0.0	0.0	0	0.0	237.61996	1009	7044.1064
171474	1748855166.9020052	0.023474178403755874	2654	196.03531	507	6479.052	265.08673	504	8417.121	0.0	0	0.0	0.0	0	0.0	0.0	0	0.0	0.0	0	0.0	278.1742	1169	8772.284	0.0	0	0.0
171781	1748855169.5866766	0.024390243902439046	4912	296.02917	508	9439.165	113.78876	510	3685.6094	0.0	0	0.0	0.0	0	0.0	0.0	0	0.0	0.0	0	0.0	80.093506	1737	2409.3232	0.0	0	0.0
171870	1748855170.339539	0.02052451539338651	5508	272.02264	507	8631.1875	165.55426	505	5788.229	0.0	0	0.0	0.0	0	0.0	0.0	0	0.0	0.0	0	0.0	52.365295	1883	1364.912	0.0	0	0.0
171939	1748855171.0127208	0.017077798861480087	5404	292.01526	508	10335.787	288.9856	506	9581.631	0.0	0	0.0	0.0	0	0.0	0.0	0	0.0	50.089203	1858	1597.78	0.0	0	0.0	0.0	0	0.0
172076	1748855172.326814	0.020454545454545503	1797	168.03027	507	5455.151	157.58798	505	5236.6807	349.47095	506	11126.197	364.83453	505	11819.112	0.0	0	0.0	0.0	0	0.0	0.0	0	0.0	209.78409	955	5956.9395
173217	1748855182.7118955	0.020111731843575398	4456	476.00885	507	15583.143	742.86414	507	24182.33	0.0	0	0.0	0.0	0	0.0	0.0	0	0.0	798.6128	1621	25601.855	0.0	0	0.0	0.0	0	0.0
173438	1748855184.7583172	0.018181818181818188	2230	288.01672	508	9231.273	197.40402	507	6405.974	305.90244	508	10497.309	507.9509	507	16117.464	0.0	0	0.0	0.0	0	0.0	0.0	0	0.0	420.4909	1065	13481.837
173453	1748855184.9068172	0.018181818181818188	2146	236.02054	508	7843.0874	245.18639	505	8297.012	0.0	0	0.0	0.0	0	0.0	0.0	0	0.0	97.87155	1043	3058.0107	0.0	0	0.0	0.0	0	0.0
175626	1748855204.5935638	0.021390374331550777	2298	555.9947	509	18522.973	655.2811	508	21966.982	0.0	0	0.0	0.0	0	0.0	0.0	0	0.0	265.08673	1083	8742.971	0.0	0	0.0	0.0	0	0.0
176496	1748855212.3797812	0.01907630522088355	790	240.01907	507	8191.388	209.35345	506	6691.5894	0.0	0	0.0	0.0	0	0.0	0.0	0	0.0	0.0	0	0.0	258.36615	704	8695.694	0.0	0	0.0
176764	1748855214.8665898	0.023427866831072786	1666	300.02768	508	10279.254	408.4338	507	13175.566	0.0	0	0.0	0.0	0	0.0	0.0	0	0.0	0.0	0	0.0	606.9451	924	20038.66	0.0	0	0.0
176832	1748855215.4240801	0.021739130434782594	3602	392.0091	507	12835.195	492.0491	506	15823.678	0.0	0	0.0	0.0	0	0.0	0.0	0	0.0	50.089203	1407	1282.1265	0.0	0	0.0	0.0	0	0.0
176922	1748855216.2090461	0.01871921182266012	2948	324.01883	507	10335.061	400.46753	505	11941.901	0.0	0	0.0	0.0	0	0.0	0.0	0	0.0	0.0	0	0.0	436.6234	1243	13415.569	0.0	0	0.0
176973	1748855216.726696	0.01871921182266012	1472	404.02005	508	13855.61	428.33417	506	13765.319	0.0	0	0.0	0.0	0	0.0	0.0	0	0.0	225.28604	875	6937.73	0.0	0	0.0	0.0	0	0.0
177377	1748855220.7989242	0.021077283372365363	11074	404.02005	508	12951.386	125.73819	507	3702.6184	0.0	0	0.0	0.0	0	0.0	0.0	0	0.0	0.0	0	0.0	60.28543	3276	1676.4583	0.0	0	0.0
179078	1748855236.360665	0.01969872537659323	12105	172.02878	506	5142.744	157.58798	505	5277.9697	218.75	507	6727.4395	197.86542	505	6034.6196	0.0	0	0.0	0.0	0	0.0	0.0	0	0.0	78.601746	3532	2251.9973
179160	1748855237.0693462	0.02083333333333337	2702	236.02054	508	7430.9937	137.68762	505	3973.3792	0.0	0	0.0	0.0	0	0.0	0.0	0	0.0	0.0	0	0.0	222.7024	1182	6924.581	0.0	0	0.0
179430	1748855239.6896234	0.021077283372365363	3130	228.0235	506	7183.0693	711.0144	505	22042.139	0.0	0	0.0	0.0	0	0.0	0.0	0	0.0	153.60483	1288	4495.445	0.0	0	0.0	0.0	0	0.0
180081	1748855245.9367888	0.01691542288557213	1430	260.02707	506	7642.8086	193.4209	505	6066.284	0.0	0	0.0	0.0	0	0.0	0.0	0	0.0	0.0	0	0.0	1000.0	863	47415.113	0.0	0	0.0
180512	1748855250.5888493	0.016409266409266432	8067	288.01672	508	8967.339	181.48685	508	6197.864	147.43787	508	4586.997	209.78409	506	6209.507	775.97504	2525	24814.596	416.4001	2524	13432.936	828.78625	2525	26817.273	348.9327	2523	10387.013
180647	1748855251.9410083	0.021413276231263434	942	252.03001	507	8015.039	229.25381	505	7172.242	0.0	0	0.0	0.0	0	0.0	0.0	0	0.0	0.0	0	0.0	123.6774	742	3772.7886	285.32544	741	8629.228
181115	1748855256.5401597	0.019630484988452657	1948	208.03088	508	6702.832	189.43774	504	5667.7056	365.32666	507	11774.635	372.78543	505	12086.155	0.0	0	0.0	0.0	0	0.0	0.0	0	0.0	70.65085	993	1916.7838
181183	1748855257.1290398	0.019630484988452657	526	276.02118	507	8374.909	257.13583	506	8021.3145	0.0	0	0.0	0.0	0	0.0	0.0	0	0.0	0.0	0	0.0	349.47095	638	11262.3	0.0	0	0.0
181902	1748855263.7506795	0.019251336898395754	1446	248.0315	507	8063.1284	273.05304	506	9254.401	0.0	0	0.0	0.0	0	0.0	0.0	0	0.0	0.0	0	0.0	147.43787	868	4140.345	0.0	0	0.0
183590	1748855280.2385628	0.018090452261306567	1784	164.03174	506	4822.784	197.40402	504	5612.3276	0.0	0	0.0	0.0	0	0.0	0.0	0	0.0	0.0	0	0.0	52.365295	951	1293.2615	0.0	0	0.0
184257	1748855286.4089198	0.019007391763463555	4122	344.01144	508	11235.221	428.33417	506	12926.243	0.0	0	0.0	0.0	0	0.0	136.0267	1538	4070.6216	121.755035	1537	3687.3474	0.0	0	0.0	0.0	0	0.0
186689	1748855308.9219873	0.020364415862808127	964	144.03912	505	4418.7188	169.53741	505	5989.1416	238.55807	506	8139.8857	138.22589	504	4076.494	0.0	0	0.0	0.0	0	0.0	0.0	0	0.0	269.42358	746	8891.916
186768	1748855309.6822145	0.020682523267838704	4266	224.02496	507	7307.072	281.01932	504	8519.761	0.0	0	0.0	0.0	0	0.0	503.99854	1573	15710.973	153.60483	1571	4948.079	0.0	0	0.0	0.0	0	0.0
187093	1748855312.7657602	0.01904761904761909	712	308.02472	507	9771.069	209.35345	507	7169.2573	0.0	0	0.0	0.0	0	0.0	0.0	0	0.0	54.072357	685	1479.7922	0.0	0	0.0	0.0	0	0.0
188942	1748855329.7428474	0.02056277056277056	718	480.0074	508	15115.082	225.28604	505	7162.106	0.0	0	0.0	0.0	0	0.0	0.0	0	0.0	304.9028	686	9848.096	0.0	0	0.0	0.0	0	0.0
189175	1748855331.8565764	0.018907563025210128	3382	396.00763	508	12947.19	292.96875	505	9411.739	0.0	0	0.0	0.0	0	0.0	0.0	0	0.0	296.9519	1352	9289.371	0.0	0	0.0	0.0	0	0.0
189878	1748855338.820217	0.016513761467889854	291	284.0182	508	9119.329	181.48685	505	5590.395	183.10162	507	6093.659	249.55402	505	13475.071	0.0	0	0.0	0.0	0	0.0	0.0	0	0.0	155.05045	579	6072.896
190548	1748855344.7861505	0.022321428571428603	218	1000.0	526	75766.42	1000.0	532	86511.195	1000.0	541	103944.61	1000.0	539	100688.234	0.0	0	0.0	0.0	0	0.0	0.0	0	0.0	238.52731	589	16842.46
191695	1748855355.2592876	0.02252816020025028	2836	188.02289	506	5966.98	113.78876	506	3588.4604	242.51047	506	7673.751	209.78409	506	6932.179	0.0	0	0.0	0.0	0	0.0	0.0	0	0.0	50.76587	1215	1173.3671
191940	1748855357.7346542	0.019933554817275767	3356	148.03766	505	4574.645	157.58798	503	4477.3457	0.0	0	0.0	0.0	0	0.0	0.0	0	0.0	54.072357	1343	1847.9641	0.0	0	0.0	0.0	0	0.0
192733	1748855365.196068	0.019323671497584516	4138	252.03001	508	7746.8003	217.31976	505	7014.3774	0.0	0	0.0	0.0	0	0.0	0.0	0	0.0	0.0	0	0.0	99.90158	1541	3035.1372	0.0	0	0.0
193516	1748855372.7726793	0.022864019253910906	4592	324.01883	507	10207.125	416.4001	507	13729.604	0.0	0	0.0	0.0	0	0.0	0.0	0	0.0	332.78482	1655	9826.652	0.0	0	0.0	0.0	0	0.0
193631	1748855373.7251315	0.02197802197802201	3004	316.0218	508	10111.19	177.5037	505	5389.3784	218.75	508	6628.4146	201.83316	507	7241.344	0.0	0	0.0	0.0	0	0.0	0.0	0	0.0	62.69992	1258	1696.9421
194425	1748855380.941654	0.01946721311475408	14310	236.02054	506	7082.999	137.68762	505	4248.7383	0.0	0	0.0	0.0	0	0.0	0.0	0	0.0	0.0	0	0.0	447.63474	4083	14649.987	0.0	0	0.0
194465	1748855381.332054	0.01946721311475408	10158	240.01907	508	7519.023	229.25381	506	7003.012	0.0	0	0.0	0.0	0	0.0	0.0	0	0.0	0.0	0	0.0	135.56534	3046	4177.3003	90.52042	3047	2856.559
195264	1748855388.8265178	0.023622047244094446	92	412.0171	508	13019.285	758.79675	507	24267.658	0.0	0	0.0	0.0	0	0.0	0.0	0	0.0	0.0	0	0.0	1000.0	531	84852.76	1000.0	530	85790.3
196360	1748855399.2902381	0.01736465781409602	4218	240.01907	507	7959.1064	261.11896	506	7885.0747	0.0	0	0.0	0.0	0	0.0	0.0	0	0.0	0.0	0	0.0	127.62979	1561	3741.5068	0.0	0	0.0
196690	1748855402.4572945	0.01680672268907568	14572	316.0218	507	9695.13	197.40402	507	6512.641	0.0	0	0.0	0.0	0	0.0	511.94943	4151	16311.071	318.52856	4149	9841.535	0.0	0	0.0	0.0	0	0.0
197068	1748855405.985365	0.023758099352051865	5533	252.03001	507	8131.1035	209.35345	507	6514.7476	226.67017	507	7021.3936	249.55402	506	7463.0767	0.0	0	0.0	0.0	0	0.0	0.0	0	0.0	78.601746	1890	1930.5327
197127	1748855406.50544	0.024301336573511523	88	703.9708	509	22802.654	1000.0	508	34685.348	0.0	0	0.0	0.0	0	0.0	0.0	0	0.0	0.0	0	0.0	1000.0	528	78667.44	1000.0	533	90023.195
197309	1748855408.0575368	0.022222222222222254	1624	408.0186	509	13915.218	571.66583	507	17915.28	0.0	0	0.0	0.0	0	0.0	0.0	0	0.0	1000.0	914	33937.598	0.0	0	0.0	0.0	0	0.0
197796	1748855412.7641356	0.02164948453608251	88	276.02118	507	8711.0205	221.30292	507	6907.295	0.0	0	0.0	0.0	0	0.0	0.0	0	0.0	0.0	0	0.0	147.43787	529	4734.8647	0.0	0	0.0
199288	1748855427.0903144	0.017946161515453585	2494	136.0267	505	4279.0186	201.38718	503	6841.672	278.1742	506	9122.154	174.01266	504	4999.433	0.0	0	0.0	0.0	0	0.0	0.0	0	0.0	313.16132	1128	9088.183
199611	1748855429.9696124	0.016438356164383605	1218	240.01907	507	7298.904	181.48685	506	5436.0986	0.0	0	0.0	0.0	0	0.0	0.0	0	0.0	0.0	0	0.0	218.75	811	6919.7065	0.0	0	0.0
200102	1748855434.4959948	0.018009478672985746	1616	340.01294	507	10671.092	225.28604	507	6878.7666	0.0	0	0.0	0.0	0	0.0	0.0	0	0.0	141.67078	911	4387.318	0.0	0	0.0	0.0	0	0.0
200104	1748855434.5170949	0.018009478672985746	8420	192.0214	507	5934.7314	113.78876	507	3830.679	0.0	0	0.0	0.0	0	0.0	0.0	0	0.0	0.0	0	0.0	99.90158	2612	2736.232	0.0	0	0.0
200619	1748855439.6466014	0.01936799184505611	4320	472.01035	509	15507.213	1000.0	517	59436.617	0.0	0	0.0	0.0	0	0.0	192.0214	1594	5938.6377	141.67078	1592	4366.232	0.0	0	0.0	0.0	0	0.0
201116	1748855444.0669672	0.021229050279329642	701	160.03323	505	5010.838	137.68762	504	4677.701	187.05402	506	5974.226	639.13324	504	21117.062	0.0	0	0.0	0.0	0	0.0	0.0	0	0.0	170.02954	680	5074.7275
201143	1748855444.3086174	0.021229050279329642	1386	240.01907	508	8115.5386	237.2201	505	8053.565	0.0	0	0.0	0.0	0	0.0	0.0	0	0.0	0.0	0	0.0	361.3589	853	11455.953	0.0	0	0.0
201190	1748855444.7292674	0.021229050279329642	3142	260.02707	507	7991.155	161.5711	506	5733.0996	0.0	0	0.0	0.0	0	0.0	0.0	0	0.0	0.0	0	0.0	131.59756	1292	4257.3013	0.0	0	0.0
201368	1748855446.225611	0.024771838331160367	986	256.02856	508	8343.073	193.4209	505	6440.327	0.0	0	0.0	0.0	0	0.0	0.0	0	0.0	408.4338	753	12677.488	0.0	0	0.0	0.0	0	0.0
201664	1748855449.070394	0.02134831460674158	205	360.02094	508	11187.056	181.48685	506	5838.9355	389.0871	507	12375.045	448.32678	506	21306.826	0.0	0	0.0	0.0	0	0.0	0.0	0	0.0	202.7559	558	9166.1875
201711	1748855449.5010924	0.01881188118811883	8230	212.02942	507	6546.949	408.4338	506	13311.981	0.0	0	0.0	0.0	0	0.0	260.02707	2565	8467.216	257.13583	2563	7323.633	0.0	0	0.0	0.0	0	0.0
202288	1748855455.1113346	0.017489711934156382	258	268.0241	506	8151.127	245.18639	505	10014.285	0.0	0	0.0	0.0	0	0.0	0.0	0	0.0	67.68268	570	2908.343	0.0	0	0.0	0.0	0	0.0
202405	1748855456.2407439	0.02178899082568808	3284	236.02054	507	7622.924	153.60483	505	4679.9775	250.44598	507	7685.224	293.2763	505	8450.664	0.0	0	0.0	0.0	0	0.0	0.0	0	0.0	229.66904	1327	7040.2026
202528	1748855457.341927	0.018404907975460127	784	324.01883	509	10871.049	269.0699	507	8785.526	0.0	0	0.0	0.0	0	0.0	172.02878	704	5434.9604	627.3991	704	19284.836	0.0	0	0.0	0.0	0	0.0
202682	1748855458.7089431	0.022332506203473934	3120	332.01587	508	10527.238	472.13336	506	14600.989	0.0	0	0.0	0.0	0	0.0	0.0	0	0.0	0.0	0	0.0	107.82172	1287	3183.898	0.0	0	0.0
205215	1748855482.1716588	0.021616541353383423	4012	352.02386	507	11095.118	141.67078	504	4451.895	492.07983	507	15922.059	686.8387	506	22299.504	0.0	0	0.0	0.0	0	0.0	0.0	0	0.0	1000.0	1509	49109.25
206714	1748855496.088924	0.01823154056517773	978	212.02942	506	6783.048	181.48685	503	6194.1753	0.0	0	0.0	0.0	0	0.0	0.0	0	0.0	328.80167	749	10884.565	0.0	0	0.0	0.0	0	0.0
206806	1748855497.0845742	0.023086269744835963	12355	360.02094	508	11403.035	233.23697	505	7548.258	317.79034	508	9883.639	372.78543	508	11932.626	0.0	0	0.0	0.0	0	0.0	0.0	0	0.0	448.32678	3596	14172.061
206840	1748855497.3643942	0.023086269744835963	804	296.02917	508	9871.265	599.5325	506	19097.754	0.0	0	0.0	0.0	0	0.0	128.02966	709	3738.5896	58.05548	707	2127.2454	0.0	0	0.0	0.0	0	0.0
208100	1748855509.3591328	0.017913593256059013	10920	156.0347	506	4778.693	245.18639	504	7921.8584	0.0	0	0.0	0.0	0	0.0	0.0	0	0.0	0.0	0	0.0	111.78949	3235	3441.4033	0.0	0	0.0
208337	1748855511.7473264	0.01898734177215189	129	619.98645	508	20178.748	288.9856	507	9001.3955	1000.0	519	62513.21	1000.0	521	72246.51	0.0	0	0.0	0.0	0	0.0	0.0	0	0.0	1000.0	546	72246.51
209702	1748855524.7807882	0.02083333333333337	884	264.02557	508	8487.055	420.38324	506	13281.6045	0.0	0	0.0	0.0	0	0.0	0.0	0	0.0	464.16708	728	14906.326	0.0	0	0.0	0.0	0	0.0
209895	1748855526.466236	0.023047375160051176	688	364.01944	509	11743.263	193.4209	505	6328.753	0.0	0	0.0	0.0	0	0.0	0.0	0	0.0	0.0	0	0.0	286.09436	679	9474.039	0.0	0	0.0
210159	1748855528.9431226	0.021428571428571463	3294	240.01907	506	7306.8247	261.11896	505	7807.992	0.0	0	0.0	0.0	0	0.0	0.0	0	0.0	0.0	0	0.0	444.54355	1329	14114.434	0.0	0	0.0
210941	1748855536.0479233	0.0223792697290931	156	152.03616	506	4406.6772	177.5037	504	5490.6035	369.27905	505	18038.219	754.42914	505	29413.895	0.0	0	0.0	0.0	0	0.0	162.41696	546	8875.401	107.344986	542	10968.321
212699	1748855552.5377688	0.020713463751438455	5702	212.02942	506	6338.8574	193.4209	505	6319.2505	0.0	0	0.0	0.0	0	0.0	0.0	0	0.0	50.089203	1931	1558.3481	0.0	0	0.0	0.0	0	0.0
213081	1748855556.0577908	0.023696682464455	576	316.0218	507	10175.275	229.25381	507	7584.3525	0.0	0	0.0	0.0	0	0.0	0.0	0	0.0	179.18	651	5581.123	0.0	0	0.0	0.0	0	0.0
213415	1748855559.327372	0.019095477386934623	556	228.0235	507	7146.8994	249.16954	505	7589.18	297.1057	508	9647.807	527.8205	506	16753.344	0.0	0	0.0	0.0	0	0.0	460.39923	647	15183.96	197.86542	644	6174.0884
213833	1748855563.3354104	0.02134831460674158	5233	148.03766	505	4638.7593	197.40402	504	5963.9053	194.97415	506	6449.3267	245.57086	504	7642.8877	0.0	0	0.0	0.0	0	0.0	0.0	0	0.0	197.86542	1813	5616.9272
214583	1748855570.0298944	0.021087680355160954	688	256.02856	507	8227.208	141.67078	505	4616.846	0.0	0	0.0	0.0	0	0.0	0.0	0	0.0	73.97269	678	2149.945	0.0	0	0.0	0.0	0	0.0
214835	1748855572.2247388	0.023227383863080653	754	260.02707	508	8250.955	121.755035	507	3708.4783	0.0	0	0.0	0.0	0	0.0	0.0	0	0.0	0.0	0	0.0	139.51773	696	4243.7373	122.324066	696	3543.2126
215156	1748855575.3629932	0.02111932418162621	3758	204.03235	507	6323.1855	145.6539	504	4557.0225	0.0	0	0.0	0.0	0	0.0	0.0	0	0.0	0.0	0	0.0	531.6806	1446	16540.467	245.57086	1444	7995.786
215250	1748855576.2237654	0.021444695259593693	5048	240.01907	506	8131.0596	348.70203	505	10853.857	0.0	0	0.0	0.0	0	0.0	591.98145	1769	19238.709	265.08673	1766	7864.5415	0.0	0	0.0	0.0	0	0.0
215368	1748855577.336953	0.021276595744680882	356	260.02707	507	8531.439	157.58798	505	4857.4966	0.0	0	0.0	0.0	0	0.0	0.0	0	0.0	0.0	0	0.0	274.20645	596	8678.624	98.471344	594	2761.2095
215774	1748855580.8803625	0.02420382165605095	3294	264.02557	507	9079.099	161.5711	506	5017.0054	0.0	0	0.0	0.0	0	0.0	0.0	0	0.0	133.70447	1330	4721.1313	0.0	0	0.0	0.0	0	0.0
216367	1748855586.2776258	0.024721878862793534	2810	268.0241	507	8219.056	265.08673	506	8161.0303	0.0	0	0.0	0.0	0	0.0	0.0	0	0.0	185.46997	1209	5486.6816	0.0	0	0.0	0.0	0	0.0
216829	1748855590.6179557	0.023121387283236983	3092	492.00296	508	16071.24	205.37033	506	6806.8823	0.0	0	0.0	0.0	0	0.0	0.0	0	0.0	0.0	0	0.0	60.28543	1280	1410.7104	0.0	0	0.0
216940	1748855591.5909986	0.021158129175946505	426	388.0106	507	12579.186	647.3148	506	25771.162	0.0	0	0.0	0.0	0	0.0	0.0	0	0.0	147.31482	613	5307.3906	0.0	0	0.0	0.0	0	0.0
219138	1748855613.0206501	0.020385050962627438	3350	244.0176	507	7927.027	169.53741	507	5586.7837	0.0	0	0.0	0.0	0	0.0	0.0	0	0.0	0.0	0	0.0	171.21371	1345	5558.3325	150.15994	1344	4704.973
219158	1748855613.1972501	0.020385050962627438	178	240.01907	507	8011.026	285.00244	504	11058.672	0.0	0	0.0	0.0	0	0.0	0.0	0	0.0	51.750122	550	3694.037	0.0	0	0.0	0.0	0	0.0
220177	1748855622.0841568	0.019251336898395754	436	208.03088	506	6487.0483	404.45065	506	19197.266	0.0	0	0.0	0.0	0	0.0	0.0	0	0.0	163.2474	615	5885.2417	0.0	0	0.0	0.0	0	0.0
220345	1748855623.524233	0.02183908045977012	218	283.98746	509	10473.607	273.05304	506	11946.041	0.0	0	0.0	0.0	0	0.0	376.015	562	23044.963	91.58157	562	4431.4834	0.0	0	0.0	0.0	0	0.0
220539	1748855625.2030349	0.023724792408066464	1742	236.02054	507	7807.2993	177.5037	504	5672.9824	0.0	0	0.0	0.0	0	0.0	0.0	0	0.0	157.58798	941	5600.4985	0.0	0	0.0	0.0	0	0.0
220913	1748855628.6603081	0.022222222222222254	10596	292.01526	508	9391.09	177.5037	506	5359.85	0.0	0	0.0	0.0	0	0.0	0.0	0	0.0	81.938965	3156	2219.2583	0.0	0	0.0	0.0	0	0.0
221130	1748855630.8314495	0.019487179487179485	212	400.02155	508	13443.174	159.26428	506	5371.8345	0.0	0	0.0	0.0	0	0.0	0.0	0	0.0	424.351	560	19018.676	0.0	0	0.0	0.0	0	0.0
221398	1748855633.2935977	0.018200202224469164	188	304.02618	508	9759.108	165.55426	506	5314.219	0.0	0	0.0	0.0	0	0.0	0.0	0	0.0	0.0	0	0.0	52.365295	554	1542.7233	0.0	0	0.0
222550	1748855644.4037747	0.02032085561497321	1516	336.0144	508	10242.851	448.24988	506	13947.82	0.0	0	0.0	0.0	0	0.0	0.0	0	0.0	229.25381	886	7290.7207	0.0	0	0.0	0.0	0	0.0
222893	1748855647.6477437	0.019978969505783373	6930	571.98883	509	18554.98	153.60483	506	4548.6255	0.0	0	0.0	0.0	0	0.0	0.0	0	0.0	0.0	0	0.0	72.17334	2240	2121.8467	0.0	0	0.0
223027	1748855648.887786	0.02195121951219514	7992	384.01205	508	12323.343	245.18639	506	7347.5327	0.0	0	0.0	0.0	0	0.0	0.0	0	0.0	0.0	0	0.0	198.94193	2505	6174.2285	0.0	0	0.0
225998	1748855676.88882	0.019459459459459483	268	200.03384	505	6482.9897	695.09717	505	26717.56	0.0	0	0.0	0.0	0	0.0	0.0	0	0.0	139.34854	572	6214.1963	0.0	0	0.0	0.0	0	0.0
226392	1748855680.8429935	0.01831129196337744	226	132.02817	505	4014.8418	221.30292	504	9375.769	0.0	0	0.0	0.0	0	0.0	0.0	0	0.0	51.765503	561	3164.2202	0.0	0	0.0	0.0	0	0.0
226842	1748855684.6651857	0.02211302211302213	8697	172.02878	506	5151.1235	121.755035	505	4059.5024	515.84033	506	16154.525	293.2763	506	8645.083	0.0	0	0.0	0.0	0	0.0	0.0	0	0.0	82.56952	2680	2286.5386
227285	1748855688.8663685	0.01793248945147674	3246	316.0218	507	10379.122	639.3485	506	19736.467	0.0	0	0.0	0.0	0	0.0	0.0	0	0.0	141.67078	1318	4247.6777	0.0	0	0.0	0.0	0	0.0
227684	1748855692.2447674	0.023376623376623384	14053	156.0347	506	4710.8247	185.46997	505	5176.4424	155.37341	506	4551.0103	138.22589	504	3923.395	0.0	0	0.0	0.0	0	0.0	143.48547	4018	4272.311	114.37317	4019	3303.1477
227781	1748855693.1370413	0.018927444794952675	6454	316.0218	508	9879.215	340.7511	505	10658.981	0.0	0	0.0	0.0	0	0.0	0.0	0	0.0	153.60483	2120	5119.2773	0.0	0	0.0	0.0	0	0.0
228734	1748855702.1400375	0.018286814244465877	1088	456.01624	508	14911.235	316.85223	506	9671.904	0.0	0	0.0	0.0	0	0.0	0.0	0	0.0	396.48438	779	11744.326	0.0	0	0.0	0.0	0	0.0
229019	1748855704.8782258	0.023456790123456805	1924	336.0144	508	11011.072	217.31976	506	6611.634	0.0	0	0.0	0.0	0	0.0	0.0	0	0.0	0.0	0	0.0	88.02902	988	2364.8784	0.0	0	0.0
229793	1748855712.0774517	0.018672199170124526	10153	176.02731	507	5395.127	205.37033	506	6119.926	131.59756	506	4066.8032	114.37317	504	3111.942	0.0	0	0.0	0.0	0	0.0	0.0	0	0.0	58.716766	3044	1439.0988
230880	1748855722.4868538	0.019685039370078705	8152	224.02496	507	6646.9287	145.6539	505	4456.7056	0.0	0	0.0	0.0	0	0.0	0.0	0	0.0	0.0	0	0.0	202.9097	2544	5924.659	0.0	0	0.0
231106	1748855724.5192633	0.021428571428571463	2510	304.02618	508	10139.321	316.85223	507	10137.78	0.0	0	0.0	0.0	0	0.0	0.0	0	0.0	149.62167	1135	4578.4155	0.0	0	0.0	0.0	0	0.0
231259	1748855726.043056	0.018590998043052864	218	328.01733	507	10507.306	308.88596	506	16536.262	0.0	0	0.0	0.0	0	0.0	0.0	0	0.0	211.02979	561	8137.21	0.0	0	0.0	0.0	0	0.0
231931	1748855732.1257823	0.02285714285714291	5841	240.01907	507	7519.13	153.60483	507	4902.601	408.89517	507	12718.241	392.6704	506	12892.872	0.0	0	0.0	0.0	0	0.0	0.0	0	0.0	50.76587	1967	1314.9297
231943	1748855732.2307823	0.02285714285714291	259	140.0252	505	4222.671	161.5711	503	5249.135	397.00726	507	13286.906	285.32544	506	15277.682	0.0	0	0.0	0.0	0	0.0	0.0	0	0.0	178.90317	570	6546.2446
232001	1748855732.7384179	0.021181716833890696	11653	212.02942	506	7175.2573	288.9856	505	8859.126	183.10162	506	5925.5205	221.71814	506	6287.4937	0.0	0	0.0	277.0362	3418	9000.323	230.63791	3420	7175.1196	185.93134	3419	5396.9937
232142	1748855733.957639	0.02168367346938771	319	156.0347	506	4726.849	145.6539	506	4996.5215	234.5903	507	7130.598	436.3927	506	22394.996	0.0	0	0.0	0.0	0	0.0	0.0	0	0.0	230.59178	586	8581.46
232409	1748855736.1427634	0.021761658031088094	13096	428.0112	508	13583.047	173.52054	506	5126.859	0.0	0	0.0	0.0	0	0.0	0.0	0	0.0	0.0	0	0.0	56.33304	3781	1461.7223	0.0	0	0.0
232581	1748855737.7469351	0.020111731843575398	1558	324.01883	508	10115.096	281.01932	507	8830.22	0.0	0	0.0	0.0	0	0.0	0.0	0	0.0	0.0	0	0.0	52.365295	897	1206.9396	0.0	0	0.0
233232	1748855744.0672429	0.02157497303128375	2590	376.015	508	11663.122	396.48438	507	12309.027	0.0	0	0.0	0.0	0	0.0	0.0	0	0.0	129.72134	1155	4586.3823	0.0	0	0.0	0.0	0	0.0
233301	1748855744.7075214	0.022026431718061623	818	392.0091	507	12619.127	257.13583	506	7920.7173	0.0	0	0.0	0.0	0	0.0	0.0	0	0.0	404.45065	711	13162.799	0.0	0	0.0	0.0	0	0.0
233790	1748855749.4880013	0.021396396396396344	822	328.01733	508	11195.298	874.26184	505	26993.518	0.0	0	0.0	0.0	0	0.0	0.0	0	0.0	234.91324	712	7503.475	0.0	0	0.0	0.0	0	0.0
233837	1748855749.9425473	0.02020202020202022	2774	412.0171	507	13195.311	623.41595	506	20228.602	0.0	0	0.0	0.0	0	0.0	0.0	0	0.0	360.65146	1200	11776.1455	0.0	0	0.0	0.0	0	0.0
233936	1748855750.8737552	0.02352941176470591	4358	408.0186	508	12751.123	468.1502	506	14997.897	0.0	0	0.0	0.0	0	0.0	136.0267	1597	4274.62	133.70447	1596	4082.8013	0.0	0	0.0	0.0	0	0.0
234647	1748855757.8509188	0.01745877788554806	5680	140.0252	505	4390.914	237.2201	501	7561.3433	0.0	0	0.0	0.0	0	0.0	0.0	0	0.0	0.0	0	0.0	119.709656	1923	3484.5405	0.0	0	0.0
234745	1748855758.7778537	0.02619047619047621	1604	264.02557	508	8283.082	595.5493	506	19054.564	0.0	0	0.0	0.0	0	0.0	0.0	0	0.0	233.23697	908	7816.587	0.0	0	0.0	0.0	0	0.0
235400	1748855764.913505	0.02106430155210648	412	208.03088	507	7267.085	165.55426	505	5224.47	0.0	0	0.0	0.0	0	0.0	0.0	0	0.0	0.0	0	0.0	206.86209	609	6644.0215	0.0	0	0.0
235435	1748855765.237389	0.022727272727272707	7232	216.02792	507	6991.0337	109.8056	506	3665.7708	0.0	0	0.0	0.0	0	0.0	0.0	0	0.0	0.0	0	0.0	175.1661	2315	5766.994	126.30722	2314	3874.9985
235743	1748855767.9813175	0.020000000000000018	7311	172.02878	507	5727.0376	233.23697	504	7278.8027	151.40564	506	5041.708	209.78409	504	6242.219	0.0	0	0.0	0.0	0	0.0	0.0	0	0.0	106.42224	2333	3082.2754
235814	1748855768.602361	0.02509907529722588	1642	300.02768	507	9279.039	408.4338	505	12215.552	0.0	0	0.0	0.0	0	0.0	188.02289	917	6103.1123	253.15268	916	7704.8613	0.0	0	0.0	0.0	0	0.0
237241	1748855781.5805278	0.022332506203473934	308	216.02792	507	7407.845	169.53741	505	5549.288	444.54355	507	14285.601	523.8527	505	28286.76	0.0	0	0.0	0.0	0	0.0	0.0	0	0.0	349.85544	583	12664.681
237257	1748855781.7094877	0.022332506203473934	550	208.03088	508	7179.2095	234.91324	505	7308.1006	0.0	0	0.0	0.0	0	0.0	0.0	0	0.0	503.96777	644	16061.558	0.0	0	0.0	0.0	0	0.0
237351	1748855782.5211306	0.019715224534501696	2428	332.01587	508	10943.462	273.05304	507	9103.21	0.0	0	0.0	0.0	0	0.0	0.0	0	0.0	0.0	0	0.0	230.63791	1115	7032.005	297.25946	1114	9771.114
238413	1748855792.5003831	0.01939058171745156	3733	228.0235	507	7459.1064	153.60483	505	4230.4995	202.9097	508	6177.305	174.01266	507	5034.0522	364.01944	1441	11455.186	348.70203	1439	10654.45	167.24594	1442	5077.4487	98.471344	1438	2891.4846
238471	1748855793.128523	0.01939058171745156	82	228.0235	506	6654.8037	217.31976	505	6464.612	0.0	0	0.0	0.0	0	0.0	0.0	0	0.0	0.0	0	0.0	183.10162	526	5911.4033	321.11218	526	9872.706
238572	1748855794.0009518	0.023346303501945553	6312	204.03235	505	6034.8013	312.86908	505	9686.126	0.0	0	0.0	0.0	0	0.0	0.0	0	0.0	0.0	0	0.0	345.5186	2083	11143.007	0.0	0	0.0
238968	1748855797.7616813	0.018730489073881418	3108	168.03027	507	5330.6763	376.58405	505	11770.303	0.0	0	0.0	0.0	0	0.0	200.03384	1284	6278.8345	141.67078	1282	4195.558	0.0	0	0.0	0.0	0	0.0
239027	1748855798.2831974	0.022959183673469385	368	288.01672	509	9231.275	197.40402	507	6028.9736	0.0	0	0.0	0.0	0	0.0	0.0	0	0.0	0.0	0	0.0	206.86209	601	6732.315	197.86542	599	6145.6245
241582	1748855822.5709963	0.02490170380078638	480	332.01587	509	11167.303	265.08673	507	8342.255	0.0	0	0.0	0.0	0	0.0	0.0	0	0.0	0.0	0	0.0	179.13385	629	5773.2373	205.81631	627	6154.7905
242301	1748855828.8566341	0.02244389027431426	1980	304.02618	507	9735.054	193.4209	507	5736.4194	0.0	0	0.0	0.0	0	0.0	0.0	0	0.0	0.0	0	0.0	175.1661	1002	5728.8096	0.0	0	0.0
242427	1748855829.9003093	0.022629310344827624	1576	276.02118	508	8230.761	241.20325	506	7290.1685	0.0	0	0.0	0.0	0	0.0	0.0	0	0.0	113.78876	901	3230.2234	0.0	0	0.0	0.0	0	0.0
242982	1748855835.1120515	0.01819923371647514	6718	196.03531	507	6215.041	245.18639	506	7822.586	0.0	0	0.0	0.0	0	0.0	0.0	0	0.0	324.81854	2186	9982.56	0.0	0	0.0	0.0	0	0.0
243364	1748855838.828086	0.021087680355160954	2404	248.0315	507	7646.9907	292.96875	505	8860.113	0.0	0	0.0	0.0	0	0.0	0.0	0	0.0	567.6827	1107	17770.902	0.0	0	0.0	0.0	0	0.0
243597	1748855840.8956635	0.020134228187919434	12832	196.03531	508	6318.82	181.48685	506	6028.22	0.0	0	0.0	0.0	0	0.0	0.0	0	0.0	0.0	0	0.0	206.86209	3715	6665.0	0.0	0	0.0
243980	1748855844.5606592	0.021077283372365363	4352	132.02817	506	4322.5864	241.20325	503	7547.597	202.9097	504	6625.3535	241.5877	503	7668.8623	0.0	0	0.0	0.0	0	0.0	0.0	0	0.0	98.471344	1592	2998.8293
244059	1748855845.2377944	0.02100350058343059	4614	152.03616	506	4686.7114	157.58798	503	4778.3105	0.0	0	0.0	0.0	0	0.0	0.0	0	0.0	129.72134	1658	3967.2898	0.0	0	0.0	0.0	0	0.0
245384	1748855858.1060333	0.019487179487179485	14804	200.03384	506	6502.813	308.88596	506	9875.398	0.0	0	0.0	0.0	0	0.0	0.0	0	0.0	51.765503	4207	1803.0879	0.0	0	0.0	0.0	0	0.0
245795	1748855861.9296477	0.020765027322404372	9376	136.0267	506	4294.6733	237.2201	503	7543.1978	309.85483	504	9395.163	134.25812	503	3830.9226	0.0	0	0.0	0.0	0	0.0	0.0	0	0.0	94.50357	2848	2499.7363
245876	1748855862.6702096	0.024070021881838044	206	392.0091	507	12539.2295	480.09967	506	18137.023	0.0	0	0.0	0.0	0	0.0	0.0	0	0.0	79.63214	558	4916.2285	0.0	0	0.0	0.0	0	0.0
245879	1748855862.6976297	0.024070021881838044	12707	164.03174	504	4910.7827	221.30292	504	7670.1523	155.37341	505	4608.2354	102.45447	504	3388.1157	0.0	0	0.0	0.0	0	0.0	0.0	0	0.0	197.86542	3681	5649.592
246195	1748855865.7409348	0.022002200220021972	12474	164.03174	505	4710.5947	300.93506	504	9156.464	0.0	0	0.0	0.0	0	0.0	0.0	0	0.0	0.0	0	0.0	56.33304	3623	1700.7266	0.0	0	0.0
246844	1748855871.7331586	0.020576131687242816	1130	220.02646	507	6422.8433	177.5037	506	5869.9854	0.0	0	0.0	0.0	0	0.0	0.0	0	0.0	0.0	0	0.0	258.36615	789	8006.46	0.0	0	0.0
246898	1748855872.2580388	0.020576131687242816	1806	288.01672	508	9310.953	738.88104	505	24043.898	0.0	0	0.0	0.0	0	0.0	0.0	0	0.0	360.65146	958	11923.259	0.0	0	0.0	0.0	0	0.0
247486	1748855877.4512184	0.02506265664160401	330	436.00824	508	14331.158	806.5791	507	49804.21	0.0	0	0.0	0.0	0	0.0	0.0	0	0.0	740.5574	590	24988.363	0.0	0	0.0	0.0	0	0.0
247646	1748855878.9253323	0.019230769230769273	7610	208.03088	506	6334.875	209.35345	504	6104.036	143.48547	506	4302.7773	221.71814	506	7350.8403	0.0	0	0.0	0.0	0	0.0	0.0	0	0.0	122.324066	2408	3754.7656
247655	1748855879.0095723	0.019230769230769273	188	527.9897	509	17395.115	1000.0	507	37390.52	0.0	0	0.0	0.0	0	0.0	0.0	0	0.0	99.5325	555	9803.548	0.0	0	0.0	0.0	0	0.0
247891	1748855881.381467	0.01647875108412833	2736	715.9818	509	23258.775	165.55426	506	4981.573	202.9097	511	6517.503	177.98044	507	5519.3164	204.03235	1193	6574.772	217.31976	1193	7252.183	234.5903	1193	7230.5757	86.55264	1190	2164.8914
248271	1748855885.3053238	0.01789077212806023	10021	216.02792	506	6742.985	137.68762	506	4426.519	218.75	507	7007.7793	193.88226	504	6115.0967	0.0	0	0.0	0.0	0	0.0	0.0	0	0.0	281.35767	3011	8893.848
248662	1748855888.897247	0.024844720496894457	2908	340.01294	507	10707.093	320.8354	507	9818.619	0.0	0	0.0	0.0	0	0.0	0.0	0	0.0	0.0	0	0.0	183.10162	1235	6046.937	114.37317	1233	3515.931
249525	1748855897.270848	0.018907563025210128	3328	340.01294	507	10899.251	197.40402	505	5821.681	0.0	0	0.0	0.0	0	0.0	0.0	0	0.0	0.0	0	0.0	270.25406	1338	8332.264	82.56952	1338	2229.9595
249692	1748855898.8018837	0.020293122886133053	630	304.02618	507	9435.104	177.5037	506	5289.1396	0.0	0	0.0	0.0	0	0.0	0.0	0	0.0	0.0	0	0.0	72.17334	664	2099.4243	0.0	0	0.0
249931	1748855900.9959376	0.015496809480401108	110	364.01944	508	11263.164	209.35345	507	6740.9385	0.0	0	0.0	0.0	0	0.0	0.0	0	0.0	0.0	0	0.0	206.86209	535	6800.92	0.0	0	0.0
250046	1748855902.1337874	0.020706455542021884	116	236.02054	506	7190.8975	304.9028	506	12660.555	0.0	0	0.0	0.0	0	0.0	0.0	0	0.0	55.733276	535	6376.03	0.0	0	0.0	0.0	0	0.0
250133	1748855902.8720732	0.0200892857142857	4688	292.01526	508	9015.029	205.37033	506	6474.561	0.0	0	0.0	0.0	0	0.0	0.0	0	0.0	169.53741	1679	5201.4453	0.0	0	0.0	0.0	0	0.0
251113	1748855912.2122948	0.02648171500630514	12381	188.02289	507	5870.816	141.67078	505	4370.1387	210.82983	508	6612.1294	126.30722	507	3996.3997	0.0	0	0.0	0.0	0	0.0	155.37341	3602	5067.7754	118.35629	3602	3682.3462
251391	1748855914.7729006	0.020491803278688492	2832	168.03027	506	5330.799	149.62167	503	4669.9043	0.0	0	0.0	0.0	0	0.0	0.0	0	0.0	0.0	0	0.0	107.82172	1213	3411.3984	253.52177	1212	7564.5776
251762	1748855918.0350833	0.020334928229665095	372	240.01907	507	7723.2993	1000.0	505	39127.49	0.0	0	0.0	0.0	0	0.0	0.0	0	0.0	179.18	599	7232.6978	0.0	0	0.0	0.0	0	0.0
252300	1748855923.2204225	0.02083333333333337	1066	376.015	508	12203.141	344.71887	508	11606.006	0.0	0	0.0	0.0	0	0.0	152.03616	775	4622.7964	189.43774	774	5719.441	0.0	0	0.0	0.0	0	0.0
252627	1748855926.0048056	0.020656136087484844	716	256.02856	506	8307.118	241.20325	505	7366.4004	0.0	0	0.0	0.0	0	0.0	0.0	0	0.0	0.0	0	0.0	230.63791	685	7114.3423	98.471344	684	2880.427
252876	1748855928.5139618	0.01526717557251911	868	168.03027	505	4982.8174	145.6539	503	4579.2456	0.0	0	0.0	0.0	0	0.0	0.0	0	0.0	436.30045	721	13634.734	0.0	0	0.0	0.0	0	0.0
253514	1748855934.9866378	0.020179372197309364	112	1000.0	513	46094.418	1000.0	513	46255.22	1000.0	524	72111.5	1000.0	522	71714.15	0.0	0	0.0	0.0	0	0.0	0.0	0	0.0	1000.0	546	71714.15
253912	1748855938.8983715	0.020134228187919434	236	304.02618	507	9547.537	420.38324	505	25291.748	0.0	0	0.0	0.0	0	0.0	0.0	0	0.0	420.38324	565	25291.748	0.0	0	0.0	0.0	0	0.0
253974	1748855939.4526515	0.020134228187919434	3030	220.02646	507	6931.039	209.35345	504	6868.292	0.0	0	0.0	0.0	0	0.0	0.0	0	0.0	66.02179	1263	1765.8562	0.0	0	0.0	0.0	0	0.0
255319	1748855951.2617314	0.018129770992366456	2660	260.02707	508	8679.172	738.88104	506	23637.154	0.0	0	0.0	0.0	0	0.0	0.0	0	0.0	1000.0	1172	36588.496	0.0	0	0.0	0.0	0	0.0
257018	1748855966.9045615	0.015873015873015928	2366	196.03531	507	6334.9355	221.30292	504	6794.1816	0.0	0	0.0	0.0	0	0.0	0.0	0	0.0	543.7838	1097	17894.105	0.0	0	0.0	0.0	0	0.0
257715	1748855973.7129655	0.01942857142857146	1020	148.03766	506	4430.7295	161.5711	504	5768.33	171.21371	505	5102.0557	158.11084	503	4666.77	0.0	0	0.0	0.0	0	0.0	892.1783	760	28208.258	547.70544	759	17350.596
261054	1748856004.2157953	0.02094818081587657	3186	232.02203	508	7738.988	169.53741	505	5424.8105	0.0	0	0.0	0.0	0	0.0	0.0	0	0.0	0.0	0	0.0	127.62979	1303	3499.8584	174.01266	1303	5764.318
261513	1748856008.7314572	0.02056277056277056	3438	296.02917	508	9371.05	376.58405	505	11876.229	0.0	0	0.0	0.0	0	0.0	0.0	0	0.0	0.0	0	0.0	266.28632	1366	8462.9375	0.0	0	0.0
